    38.349    49.741    21.993
    39.933    53.191    22.280
    38.385    56.499    21.280
    39.893    59.974    21.204
    37.565    62.674    22.546
    59.665    65.467    44.936
    55.930    65.460    44.229
    56.331    62.061    42.559
    56.648    60.478    45.980
    53.376    61.897    47.293
    50.281    59.726    47.039
    47.884    60.523    44.205
    44.453    61.495    45.625
    42.015    58.605    45.252
    38.781    60.422    46.120
    36.424    61.714    43.380
    37.164    65.134    41.906
    35.106    67.556    39.831
    36.863    68.917    36.750
    35.310    71.661    34.656
    36.777    71.904    31.194
    35.985    74.788    28.874
    36.759    73.500    25.382
    34.343    75.466    23.251
    34.067    73.521    20.007
    37.271    71.539    20.183
    38.077    68.031    21.349
    38.665    67.403    25.048
    42.097    66.074    24.204
    42.118    62.620    25.768
    41.581    58.931    25.006
    39.198    56.557    26.771
    39.273    52.761    27.077
    36.783    50.366    28.669
    33.008    50.253    28.503
    32.897    46.532    27.828
    30.945    44.453    30.318
    30.996    46.798    33.307
    34.694    47.770    33.473
    34.038    51.524    33.501
    35.446    54.372    31.379
    39.117    55.245    31.915
    41.461    57.885    30.544
    44.297    56.135    28.727
    46.020    59.170    27.275
    46.120    62.930    27.712
    47.065    64.950    24.641
    49.792    67.547    25.118
    48.321    71.013    24.702
    44.717    69.869    24.729
    41.964    71.279    27.015
    42.251    68.286    29.368
    46.016    68.817    29.667
    45.625    72.583    30.232
    43.166    71.787    33.038
    45.997    69.965    34.795
    43.350    68.045    36.734
    43.054    64.801    34.760
    45.478    61.945    34.183
    45.839    58.476    32.712
    44.248    55.956    35.077
    41.395    58.307    35.979
    37.932    56.804    35.639
    35.240    59.123    34.296
    32.382    58.689    36.753
    30.157    61.152    34.922
    29.993    63.942    32.365
    27.661    66.867    33.045
    25.691    64.840    35.583
    25.379    61.823    33.293
    26.561    58.703    35.128
    29.138    56.895    32.996
    30.177    54.231    35.509
    28.342    51.546    33.558
    28.394    53.135    30.113
    29.336    51.204    26.977
    32.359    52.420    25.025
    30.622    54.215    22.159
    27.838    55.741    24.278
    30.503    57.106    26.674
    32.385    58.557    23.710
    29.158    60.025    22.344
    28.404    61.503    25.769
    31.804    63.228    25.952
    31.907    64.421    22.343
    28.397    65.829    22.627
    28.873    67.083    26.176
    28.766    70.727    25.121
    31.270    73.584    25.403
    31.628    73.418    29.181
    32.252    69.855    30.316
    31.946    68.973    33.990
    33.594    65.662    34.701
    33.616    63.785    37.996
    36.755    61.676    37.842
    38.361    59.164    40.178
    41.872    57.723    40.049
    41.723    53.896    39.750
    45.264    52.832    38.686
    44.800    49.174    39.578
    41.717    48.951    37.425
    43.361    50.932    34.651
    46.576    48.939    34.679
    44.558    45.976    33.373
    44.266    47.640    29.947
    47.847    48.649    29.176
    50.436    45.955    28.589
    53.231    45.553    31.156
    51.719    48.170    33.461
    51.465    48.155    37.249
    51.014    50.518    40.183
    53.804    51.643    42.503
    53.624    52.489    46.219
    52.541    56.084    45.545
    49.810    54.940    43.176
    51.712    55.857    40.022
    51.036    53.761    36.933
    54.370    52.309    35.812
    54.872    50.526    32.520
    57.787    48.123    31.992
