    -2.403    -0.905    67.938
    -0.272    -0.442    64.831
     3.172    -0.840    66.312
     3.609    -4.583    65.706
     1.610    -7.490    64.348
     1.108    -8.891    67.883
    -0.962    -5.721    68.493
    -3.428    -6.891    65.792
    -6.109    -9.543    66.215
    -6.290   -11.698    63.053
    -9.651   -10.094    62.178
    -8.136    -6.628    62.464
    -5.206    -7.554    60.238
    -7.626    -8.948    57.630
    -9.432    -5.593    57.668
    -6.110    -3.878    56.895
    -5.283    -6.280    54.078
    -8.798    -5.960    52.640
    -8.477    -2.150    52.592
    -5.159    -2.443    50.721
    -6.418    -5.003    48.204
    -9.424    -2.877    47.327
    -7.377     0.348    47.269
    -9.958     1.783    49.676
    -8.077     5.031    50.276
    -8.486     8.676    49.424
    -5.045     9.052    47.819
    -2.140     7.076    46.407
    -0.003     8.365    49.304
    -2.466     6.769    51.731
    -2.275     3.459    49.884
     1.543     3.507    49.800
     1.549     4.258    53.541
    -0.650     1.212    54.245
     1.467    -1.069    52.061
     4.654     0.152    53.758
     2.993    -0.474    57.141
     1.960    -4.000    55.996
     5.583    -4.737    55.039
     6.923    -3.494    58.367
     4.330    -5.510    60.311
     4.768    -8.812    58.524
     8.577    -8.676    58.261
     8.148   -11.052    55.349
    10.948   -11.147    52.682
     8.539   -10.738    49.736
     7.326    -7.405    51.059
     4.493    -5.996    48.961
     4.825    -8.862    46.490
     2.630   -10.879    48.841
    -0.138    -8.511    47.712
     0.687    -7.634    44.111
     2.862   -10.498    42.777
     1.806   -13.811    44.424
     3.786   -17.033    43.959
     2.380   -19.659    41.586
    -0.616   -21.202    43.326
    -0.947   -18.756    46.216
    -4.335   -17.508    47.367
    -3.990   -13.780    46.757
    -7.464   -12.912    48.109
    -7.257   -10.883    51.345
    -7.908   -14.034    53.389
    -5.295   -15.961    51.422
    -2.703   -13.271    52.113
    -3.466   -13.282    55.860
    -3.027   -17.067    55.918
     0.317   -16.843    54.105
     1.496   -14.224    56.602
     0.155   -16.272    59.554
     1.885   -19.466    58.474
     5.118   -17.764    57.587
     5.506   -16.006    60.939
     4.735   -19.192    62.852
     7.242   -21.213    60.824
     9.894   -18.545    61.242
     9.776   -18.114    65.027
     8.034   -14.766    65.037
     5.228   -13.641    67.328
     1.703   -13.981    65.954
    -1.608   -12.153    66.208
    -3.060   -10.845    69.444
    -5.165   -13.286    71.460
     4.981    32.072    36.039
     6.073    28.951    37.957
     6.693    25.192    37.390
     6.078    24.409    33.728
     4.622    20.966    34.472
     1.658    22.673    36.137
     0.538    24.747    33.138
    -2.350    23.309    31.044
    -1.787    21.798    27.611
    -3.139    19.261    25.137
    -1.733    15.735    24.838
     0.019    14.963    21.528
     2.070    12.099    20.073
     1.717     8.609    18.657
     3.083     6.271    21.301
     4.362     2.832    20.207
     3.050    -0.741    19.845
     3.540    -2.774    23.044
     2.880    -6.333    24.140
     2.404    -8.488    27.213
     5.811    -7.428    28.611
     5.129    -3.691    28.460
     5.631    -3.155    32.203
     8.583    -5.507    32.388
    10.255    -3.134    29.852
     9.896    -0.330    32.394
    12.762    -1.831    34.362
    15.125    -1.799    31.371
    16.940     0.717    29.138
    15.114     4.078    29.009
    11.870     2.578    30.239
     8.746     1.578    28.316
     6.965     3.919    25.859
     3.380     5.198    26.197
     1.337     2.550    24.332
    -0.166     3.594    21.018
    -3.553     2.444    22.397
    -3.325     4.882    25.307
    -2.071     7.673    23.051
    -5.152     7.313    20.849
    -7.386     7.731    23.903
    -5.644    10.795    25.351
    -4.601    12.680    22.203
    -6.106    16.163    21.862
    -7.492    16.126    25.419
    -6.512    19.096    27.592
    -4.909    18.526    30.995
    -4.451    21.074    33.793
    -1.151    19.646    35.000
     1.166    16.737    34.363
    -0.189    15.023    37.447
    -3.690    15.100    35.916
    -2.269    13.530    32.752
    -0.581    10.848    34.915
    -3.921    10.032    36.515
    -5.595     9.708    33.056
    -2.899     7.338    31.789
    -3.411     4.885    34.686
    -7.213     5.132    34.459
    -7.011     4.226    30.741
    -4.637     1.345    31.507
    -7.209     0.027    34.003
    -9.737    -0.089    31.105
    -7.424    -1.669    28.538
    -7.595    -5.484    28.535
    -4.176    -6.029    27.022
    -2.341    -3.501    29.168
    -4.074    -4.514    32.411
    -4.386    -8.279    31.983
    -0.804    -8.123    33.327
    -1.815    -6.583    36.726
    -3.291    -8.734    39.539
    -6.640    -7.954    41.275
    -5.102    -5.636    43.856
    -3.028    -3.680    41.340
    -6.114    -3.465    39.122
    -8.006    -1.849    42.048
    -5.250     0.740    42.353
    -5.080     1.788    38.660
    -8.882     1.864    38.556
    -8.590     4.826    40.979
    -6.009     6.569    38.790
    -3.146     5.548    41.067
     0.101     4.233    39.618
     0.472     0.458    40.080
     3.050    -1.091    42.454
     6.200    -2.598    40.924
     7.671    -5.925    42.111
     9.688    -5.462    45.331
    13.027    -5.911    43.582
    12.320    -2.747    41.545
    11.313    -0.494    44.468
    13.633     1.958    46.206
    12.828     3.425    49.581
     9.441     5.152    49.523
     9.234     4.833    45.724
     7.182     1.666    45.150
     5.083     2.403    42.037
     5.743     2.767    38.279
     6.880     6.279    37.371
     6.285     8.518    34.320
     9.285    10.599    33.256
    10.285    12.893    30.428
    12.953    11.599    28.028
    14.112    15.090    27.018
    13.756    17.027    30.310
    11.130    19.779    30.501
    13.872    22.073    31.887
    15.793    21.515    28.645
    12.875    22.136    26.301
    11.116    18.793    26.389
     7.344    18.952    25.892
     5.251    18.193    28.978
     2.321    16.475    27.276
     4.034    15.025    24.217
     3.469    11.289    24.692
     6.427    10.481    22.454
     8.562    12.281    25.097
     7.235    10.258    28.057
     8.552     6.899    29.341
     7.357     4.526    32.085
    10.120     3.325    34.463
    10.434     1.443    37.723
    11.999     3.420    40.625
    15.170     1.326    40.432
    15.574     1.882    36.687
    15.054     5.653    36.923
    17.722     5.755    39.626
    20.150     3.481    37.731
    19.709     5.650    34.653
    20.764     8.821    36.472
