    51.495   -27.912   -43.077
    51.722   -31.612   -43.946
    52.828   -33.753   -40.956
    54.241   -37.274   -40.521
    44.563   -24.903   -19.204
    43.052   -21.716   -20.747
    46.002   -19.353   -21.349
    47.097   -20.738   -24.703
    43.542   -21.041   -26.124
    42.537   -17.902   -28.001
    39.205   -19.377   -29.312
    37.700   -17.647   -32.346
    40.532   -15.488   -33.639
    41.453   -15.417   -37.291
    44.679   -16.810   -38.973
    45.570   -13.123   -39.685
    45.157   -12.055   -36.049
    47.030   -15.155   -34.797
    49.828   -14.175   -37.149
    49.684   -10.556   -35.877
    49.992   -11.941   -32.361
    52.687   -14.556   -33.129
    54.935   -12.440   -35.338
    55.642   -10.252   -32.317
    59.492   -10.091   -32.463
    59.733   -10.446   -28.704
    58.304   -13.970   -28.894
    60.876   -16.854   -28.696
    60.935   -19.741   -31.169
    58.105   -22.245   -30.532
    55.684   -19.570   -29.118
    52.178   -20.806   -29.761
    48.471   -20.539   -29.374
    45.493   -22.715   -30.077
    42.470   -21.372   -31.931
    39.452   -22.619   -33.894
    39.926   -23.204   -37.708
    38.291   -20.667   -40.073
    38.375   -23.027   -43.045
    37.386   -26.232   -41.341
    34.451   -25.757   -39.140
    34.514   -28.127   -36.213
    38.386   -28.279   -36.324
    41.164   -26.461   -34.379
    44.565   -24.935   -35.241
    48.008   -25.011   -33.541
    49.802   -21.809   -34.584
    53.539   -21.627   -33.732
    56.315   -19.084   -34.323
    59.520   -20.117   -35.992
    62.712   -18.657   -37.450
    64.891   -19.116   -40.520
    68.363   -17.526   -40.328
    68.004   -16.108   -43.805
    64.377   -15.166   -43.832
    63.582   -14.453   -40.221
    60.312   -14.814   -38.325
    57.525   -16.984   -39.677
    54.418   -18.849   -38.386
    53.580   -22.563   -38.898
    49.846   -23.552   -38.802
    48.812   -27.069   -37.978
    45.197   -28.202   -38.263
    44.033   -30.126   -35.192
    41.343   -32.524   -36.437
    38.601   -33.996   -34.242
    37.362   -37.595   -34.716
    33.606   -38.375   -34.348
    34.533   -40.571   -31.359
    35.849   -37.422   -29.614
    39.696   -37.542   -30.050
    42.076   -34.861   -31.456
    45.135   -35.232   -33.757
    47.490   -33.300   -35.931
    48.822   -36.631   -37.284
    46.687   -39.799   -37.021
    49.825   -41.471   -35.493
    49.323   -39.633   -32.170
    45.790   -39.096   -30.979
    44.618   -37.289   -27.842
    41.456   -37.153   -25.705
    41.712   -33.385   -25.074
    43.424   -30.307   -26.465
    45.269   -29.756   -23.134
    46.912   -33.187   -23.513
    47.890   -32.383   -27.125
    49.569   -29.085   -25.934
    51.357   -30.843   -23.032
    52.696   -33.591   -25.444
    54.122   -31.148   -28.067
    55.698   -29.033   -25.263
    57.958   -32.052   -24.606
    58.138   -33.654   -27.994
    58.272   -31.901   -31.415
    57.505   -35.381   -33.011
    56.828   -34.091   -36.501
    56.191   -30.352   -35.763
    58.698   -27.735   -36.903
    59.674   -27.189   -33.299
    58.641   -28.105   -29.791
    56.077   -25.759   -28.081
    57.971   -23.418   -25.757
    56.157   -20.126   -25.011
    52.480   -19.370   -24.652
    51.598   -16.438   -26.950
    51.127   -13.050   -25.211
    47.990   -11.131   -24.516
