3.80709 3.80709
0
3.78671 3.78671
0
3.78886 3.78886
0
3.80927 3.80927
0
3.81787 3.80709
0.0116144
3.68928 3.78671
0.949332
4.7391 3.78886
90.296
4.32211 3.80927
26.2999
3.80709 3.80709
0
3.78671 3.78671
0
3.78886 3.78886
0
3.80927 3.80927
0
3.86268 3.80709
0.309046
3.68005 3.78671
1.13759
4.72161 3.78886
87.003
4.34298 3.80927
28.4844
3.80709 3.80709
0
3.78671 3.78671
0
3.78886 3.78886
0
3.80927 3.80927
0
3.82858 3.80709
0.0461904
3.71355 3.78671
0.53527
4.68059 3.78886
79.5185
4.30228 3.80927
24.3061
3.80709 3.80709
0
3.78671 3.78671
0
3.78886 3.78886
0
3.80927 3.80927
0
3.8286 3.80709
0.0462941
3.75112 3.78671
0.126657
4.70181 3.78886
83.3485
4.33223 3.80927
27.3481
3.80709 3.80709
0
3.78671 3.78671
0
3.78886 3.78886
0
3.80927 3.80927
0
3.90417 3.80709
0.942446
3.65511 3.78671
1.7318
4.72039 3.78886
86.7756
4.38488 3.80927
33.1322
3.80709 3.80709
0
3.78671 3.78671
0
3.78886 3.78886
0
3.80927 3.80927
0
3.81895 3.80709
0.0140768
3.68126 3.78671
1.11206
4.73679 3.78886
89.8561
4.32753 3.80927
26.859
3.80709 3.80709
0
3.78671 3.78671
0
3.78886 3.78886
0
3.80927 3.80927
0
3.85602 3.80709
0.239414
3.6667 3.78671
1.44012
4.68101 3.78886
79.5927
4.35656 3.80927
29.9527
3.80709 3.80709
0
3.78671 3.78671
0
3.78886 3.78886
0
3.80927 3.80927
0
3.85569 3.80709
0.236181
3.70688 3.78671
0.637305
4.74635 3.78886
91.6784
4.35983 3.80927
30.3112
3.80709 3.80709
0
3.78671 3.78671
0
3.78886 3.78886
0
3.80927 3.80927
0
3.8465 3.80709
0.155291
3.71981 3.78671
0.447492
4.67866 3.78886
79.174
4.36935 3.80927
31.3685
3.80709 3.80709
0
3.78671 3.78671
0
3.78886 3.78886
0
3.80927 3.80927
0
3.89224 3.80709
0.725103
3.64882 3.78671
1.9013
4.77086 3.78886
96.4324
4.37848 3.80927
32.3998
3.80709 3.80709
0
3.78671 3.78671
0
3.78886 3.78886
0
3.80927 3.80927
0
3.84386 3.80709
0.135191
3.71534 3.78671
0.509288
4.68344 3.78886
80.027
4.38416 3.80927
33.0494
3.80709 3.80709
0
3.78671 3.78671
0
3.78886 3.78886
0
3.80927 3.80927
0
3.83662 3.80709
0.0872351
3.6573 3.78671
1.6748
4.77176 3.78886
96.6095
4.44357 3.80927
40.2329
3.80709 3.80709
0
3.78671 3.78671
0
3.78886 3.78886
0
3.80927 3.80927
0
3.84425 3.80709
0.138067
3.70321 3.78671
0.697245
4.66246 3.78886
76.3181
4.32568 3.80927
26.6676
3.80709 3.80709
0
3.78671 3.78671
0
3.78886 3.78886
0
3.80927 3.80927
0
3.87868 3.80709
0.512505
3.6821 3.78671
1.09436
4.71182 3.78886
85.1854
4.3523 3.80927
29.4875
3.80709 3.80709
0
3.78671 3.78671
0
3.78886 3.78886
0
3.80927 3.80927
0
3.84706 3.80709
0.159806
3.75202 3.78671
0.120303
4.71388 3.78886
85.5668
4.35929 3.80927
30.2525
3.80709 3.80709
0
3.78671 3.78671
0
3.78886 3.78886
0
3.80927 3.80927
0
3.86036 3.80709
0.283755
3.73412 3.78671
0.276614
4.71816 3.78886
86.3597
4.36257 3.80927
30.614
3.80709 3.80709
0
3.78671 3.78671
0
3.78886 3.78886
0
3.80927 3.80927
0
3.84082 3.80709
0.113793
3.69865 3.78671
0.775451
4.68922 3.78886
81.0654
4.31755 3.80927
25.8345
3.80709 3.80709
0
3.78671 3.78671
0
3.78886 3.78886
0
3.80927 3.80927
0
3.85737 3.80709
0.252784
3.67797 3.78671
1.18248
4.6754 3.78886
78.5948
4.33216 3.80927
27.3417
3.80709 3.80709
0
3.78671 3.78671
0
3.78886 3.78886
0
3.80927 3.80927
0
3.84369 3.80709
0.133938
3.64062 3.78671
2.13434
4.69986 3.78886
82.992
4.36286 3.80927
30.6465
3.80709 3.80709
0
3.78671 3.78671
0
3.78886 3.78886
0
3.80927 3.80927
0
3.88562 3.80709
0.616701
3.65994 3.78671
1.60702
4.73494 3.78886
89.5065
4.39332 3.80927
34.1115
3.80709 3.80709
0
3.78671 3.78671
0
3.78886 3.78886
0
3.80927 3.80927
0
3.90189 3.80709
0.898695
3.68395 3.78671
1.05599
4.77426 3.78886
97.1007
4.33998 3.80927
28.1652
3.80709 3.80709
0
3.78671 3.78671
0
3.78886 3.78886
0
3.80927 3.80927
0
3.81742 3.80709
0.0106736
3.69794 3.78671
0.788048
4.68749 3.78886
80.7538
4.31696 3.80927
25.7744
3.80709 3.80709
0
3.78671 3.78671
0
3.78886 3.78886
0
3.80927 3.80927
0
3.86265 3.80709
0.308698
3.74679 3.78671
0.159377
4.64405 3.78886
73.1347
4.33402 3.80927
27.536
3.80709 3.80709
0
3.78671 3.78671
0
3.78886 3.78886
0
3.80927 3.80927
0
3.86371 3.80709
0.320624
3.64782 3.78671
1.92908
4.72525 3.78886
87.6826
4.34675 3.80927
28.8882
3.80709 3.80709
0
3.78671 3.78671
0
3.78886 3.78886
0
3.80927 3.80927
0
3.82262 3.80709
0.024121
3.6938 3.78671
0.863257
4.72398 3.78886
87.4457
4.36843 3.80927
31.2654
3.80709 3.80709
0
3.78671 3.78671
0
3.78886 3.78886
0
3.80927 3.80927
0
3.85079 3.80709
0.190989
3.68079 3.78671
1.12187
4.71869 3.78886
86.4575
4.32619 3.80927
26.7208
3.80709 3.80709
0
3.78671 3.78671
0
3.78886 3.78886
0
3.80927 3.80927
0
3.86435 3.80709
0.327895
3.73226 3.78671
0.296484
4.69025 3.78886
81.2506
4.38213 3.80927
32.8172
3.80709 3.80709
0
3.78671 3.78671
0
3.78886 3.78886
0
3.80927 3.80927
0
3.882 3.80709
0.561243
3.66954 3.78671
1.37294
4.74579 3.78886
91.5705
4.3196 3.80927
26.0437
3.80709 3.80709
0
3.78671 3.78671
0
3.78886 3.78886
0
3.80927 3.80927
0
3.87948 3.80709
0.524093
3.68989 3.78671
0.93746
4.69284 3.78886
81.7183
4.31199 3.80927
25.2723
3.80709 3.80709
0
3.78671 3.78671
0
3.78886 3.78886
0
3.80927 3.80927
0
3.81354 3.80709
0.00416603
3.71706 3.78671
0.485084
4.71086 3.78886
85.0082
4.3096 3.80927
25.0332
3.80709 3.80709
0
3.78671 3.78671
0
3.78886 3.78886
0
3.80927 3.80927
0
3.81911 3.80709
0.0144553
3.70644 3.78671
0.644254
4.72357 3.78886
87.3677
4.30507 3.80927
24.5817
3.80709 3.80709
0
3.78671 3.78671
0
3.78886 3.78886
0
3.80927 3.80927
0
3.84268 3.80709
0.126655
3.73447 3.78671
0.272917
4.70882 3.78886
84.6333
4.33712 3.80927
27.8626
3.80709 3.80709
0
3.78671 3.78671
0
3.78886 3.78886
0
3.80927 3.80927
0
3.82714 3.80709
0.0401869
3.69505 3.78671
0.840101
4.74353 3.78886
91.1401
4.34181 3.80927
28.3598
3.80709 3.80709
0
3.78671 3.78671
0
3.78886 3.78886
0
3.80927 3.80927
0
3.91669 3.80709
1.2013
3.68704 3.78671
0.993328
4.73847 3.78886
90.1756
4.29366 3.80927
23.4635
3.80709 3.80709
0
3.78671 3.78671
0
3.78886 3.78886
0
3.80927 3.80927
0
3.79606 3.80709
0.0121537
3.68844 3.78671
0.965693
4.72968 3.78886
88.5135
4.34056 3.80927
28.2263
3.80709 3.80709
0
3.78671 3.78671
0
3.78886 3.78886
0
3.80927 3.80927
0
3.84991 3.80709
0.183382
3.71684 3.78671
0.488196
4.70554 3.78886
84.0304
4.37155 3.80927
31.6154
3.80709 3.80709
0
3.78671 3.78671
0
3.78886 3.78886
0
3.80927 3.80927
0
3.84571 3.80709
0.149187
3.66679 3.78671
1.43815
4.74157 3.78886
90.7659
4.31175 3.80927
25.2485
3.80709 3.80709
0
3.78671 3.78671
0
3.78886 3.78886
0
3.80927 3.80927
0
3.84231 3.80709
0.124062
3.66219 3.78671
1.55051
4.73828 3.78886
90.14
4.32664 3.80927
26.7673
3.80709 3.80709
0
3.78671 3.78671
0
3.78886 3.78886
0
3.80927 3.80927
0
3.87285 3.80709
0.43239
3.68136 3.78671
1.10986
4.71861 3.78886
86.4443
4.29879 3.80927
23.9624
3.80709 3.80709
0
3.78671 3.78671
0
3.78886 3.78886
0
3.80927 3.80927
0
3.77828 3.80709
0.0830094
3.69911 3.78671
0.76744
4.72866 3.78886
88.3226
4.35249 3.80927
29.5091
3.80709 3.80709
0
3.78671 3.78671
0
3.78886 3.78886
0
3.80927 3.80927
0
3.85421 3.80709
0.222013
3.71693 3.78671
0.486976
4.65832 3.78886
75.5951
4.36725 3.80927
31.1337
3.80709 3.80709
0
3.78671 3.78671
0
3.78886 3.78886
0
3.80927 3.80927
0
3.8812 3.80709
0.549271
3.71149 3.78671
0.565791
4.67691 3.78886
78.8628
4.36418 3.80927
30.7924
3.80709 3.80709
0
3.78671 3.78671
0
3.78886 3.78886
0
3.80927 3.80927
0
3.86147 3.80709
0.295751
3.72487 3.78671
0.382385
4.73663 3.78886
89.8264
4.37971 3.80927
32.5399
3.80709 3.80709
0
3.78671 3.78671
0
3.78886 3.78886
0
3.80927 3.80927
0
3.85353 3.80709
0.215643
3.65876 3.78671
1.63706
4.72793 3.78886
88.1845
4.33172 3.80927
27.2953
3.80709 3.80709
0
3.78671 3.78671
0
3.78886 3.78886
0
3.80927 3.80927
0
3.90054 3.80709
0.873228
3.6541 3.78671
1.7584
4.76373 3.78886
95.0374
4.3719 3.80927
31.6555
3.80709 3.80709
0
3.78671 3.78671
0
3.78886 3.78886
0
3.80927 3.80927
0
3.8304 3.80709
0.054339
3.67617 3.78671
1.22189
4.71119 3.78886
85.0691
4.33146 3.80927
27.2679
3.80709 3.80709
0
3.78671 3.78671
0
3.78886 3.78886
0
3.80927 3.80927
0
3.81199 3.80709
0.00240611
3.71083 3.78671
0.575775
4.72096 3.78886
86.8815
4.40028 3.80927
34.9296
3.80709 3.80709
0
3.78671 3.78671
0
3.78886 3.78886
0
3.80927 3.80927
0
3.82129 3.80709
0.0201537
3.67695 3.78671
1.2047
4.75198 3.78886
92.7605
4.3419 3.80927
28.3696
3.80709 3.80709
0
3.78671 3.78671
0
3.78886 3.78886
0
3.80927 3.80927
0
3.85439 3.80709
0.223752
3.7483 3.78671
0.147517
4.70938 3.78886
84.7365
4.39011 3.80927
33.7377
3.80709 3.80709
0
3.78671 3.78671
0
3.78886 3.78886
0
3.80927 3.80927
0
3.85394 3.80709
0.219524
3.72677 3.78671
0.359302
4.73855 3.78886
90.1909
4.36636 3.80927
31.035
3.80709 3.80709
0
3.78671 3.78671
0
3.78886 3.78886
0
3.80927 3.80927
0
3.84559 3.80709
0.148252
3.65937 3.78671
1.62158
4.79822 3.78886
101.881
4.35622 3.80927
29.915
3.80709 3.80709
0
3.78671 3.78671
0
3.78886 3.78886
0
3.80927 3.80927
0
3.84817 3.80709
0.168743
3.69903 3.78671
0.768752
4.70883 3.78886
84.6338
4.3385 3.80927
28.0078
3.80709 3.80709
0
3.78671 3.78671
0
3.78886 3.78886
0
3.80927 3.80927
0
3.85589 3.80709
0.238133
3.69335 3.78671
0.871632
4.68063 3.78886
79.5247
4.30511 3.80927
24.5854
3.80709 3.80709
0
3.78671 3.78671
0
3.78886 3.78886
0
3.80927 3.80927
0
3.81502 3.80709
0.00628915
3.719 3.78671
0.458404
4.72211 3.78886
87.0961
4.3397 3.80927
28.1353
3.80709 3.80709
0
3.78671 3.78671
0
3.78886 3.78886
0
3.80927 3.80927
0
3.93729 3.80709
1.69534
3.67707 3.78671
1.20208
4.70392 3.78886
83.734
4.3174 3.80927
25.8192
3.80709 3.80709
0
3.78671 3.78671
0
3.78886 3.78886
0
3.80927 3.80927
0
3.85126 3.80709
0.195067
3.67649 3.78671
1.21491
4.70561 3.78886
84.0432
4.32567 3.80927
26.6666
3.80709 3.80709
0
3.78671 3.78671
0
3.78886 3.78886
0
3.80927 3.80927
0
3.84479 3.80709
0.142171
3.7347 3.78671
0.270473
4.70166 3.78886
83.3209
4.37157 3.80927
31.6183
3.80709 3.80709
0
3.78671 3.78671
0
3.78886 3.78886
0
3.80927 3.80927
0
3.85773 3.80709
0.256409
3.65739 3.78671
1.67228
4.73962 3.78886
90.3935
4.3042 3.80927
24.4954
3.80709 3.80709
0
3.78671 3.78671
0
3.78886 3.78886
0
3.80927 3.80927
0
3.83805 3.80709
0.0958654
3.68933 3.78671
0.94835
4.76754 3.78886
95.7822
4.34928 3.80927
29.161
3.80709 3.80709
0
3.78671 3.78671
0
3.78886 3.78886
0
3.80927 3.80927
0
3.85164 3.80709
0.198472
3.66322 3.78671
1.52494
4.71787 3.78886
86.3067
4.38068 3.80927
32.6511
3.80709 3.80709
0
3.78671 3.78671
0
3.78886 3.78886
0
3.80927 3.80927
0
3.90111 3.80709
0.883926
3.70286 3.78671
0.703028
4.66544 3.78886
76.8396
4.32986 3.80927
27.1009
3.80709 3.80709
0
3.78671 3.78671
0
3.78886 3.78886
0
3.80927 3.80927
0
3.86037 3.80709
0.283862
3.71032 3.78671
0.583476
4.6715 3.78886
77.9059
4.40345 3.80927
35.3049
3.80709 3.80709
0
3.78671 3.78671
0
3.78886 3.78886
0
3.80927 3.80927
0
3.81613 3.80709
0.00816762
3.70076 3.78671
0.73879
4.73468 3.78886
89.4576
4.35634 3.80927
29.9281
3.80709 3.80709
0
3.78671 3.78671
0
3.78886 3.78886
0
3.80927 3.80927
0
3.85966 3.80709
0.276359
3.7339 3.78671
0.278849
4.69779 3.78886
82.6147
4.36938 3.80927
31.3722
3.80709 3.80709
0
3.78671 3.78671
0
3.78886 3.78886
0
3.80927 3.80927
0
3.84441 3.80709
0.139285
3.70592 3.78671
0.652684
4.75292 3.78886
92.9413
4.33644 3.80927
27.7909
3.80709 3.80709
0
3.78671 3.78671
0
3.78886 3.78886
0
3.80927 3.80927
0
3.80071 3.80709
0.00406295
3.67757 3.78671
1.19113
4.76472 3.78886
95.2299
4.31721 3.80927
25.8006
3.80709 3.80709
0
3.78671 3.78671
0
3.78886 3.78886
0
3.80927 3.80927
0
3.86759 3.80709
0.366055
3.69946 3.78671
0.761302
4.73509 3.78886
89.5344
4.39696 3.80927
34.5383
3.80709 3.80709
0
3.78671 3.78671
0
3.78886 3.78886
0
3.80927 3.80927
0
3.8595 3.80709
0.274732
3.62813 3.78671
2.51484
4.73255 3.78886
89.0554
4.38705 3.80927
33.3832
3.80709 3.80709
0
3.78671 3.78671
0
3.78886 3.78886
0
3.80927 3.80927
0
3.85211 3.80709
0.202726
3.68441 3.78671
1.04642
4.72591 3.78886
87.8058
4.35169 3.80927
29.4216
3.80709 3.80709
0
3.78671 3.78671
0
3.78886 3.78886
0
3.80927 3.80927
0
3.8728 3.80709
0.431857
3.69179 3.78671
0.900946
4.71872 3.78886
86.4647
4.36307 3.80927
30.6698
3.80709 3.80709
0
3.78671 3.78671
0
3.78886 3.78886
0
3.80927 3.80927
0
3.92475 3.80709
1.38446
3.71408 3.78671
0.527508
4.70354 3.78886
83.6638
4.38657 3.80927
33.3269
3.80709 3.80709
0
3.78671 3.78671
0
3.78886 3.78886
0
3.80927 3.80927
0
3.93486 3.80709
1.6326
3.66525 3.78671
1.47527
4.71458 3.78886
85.6957
4.37042 3.80927
31.4883
3.80709 3.80709
0
3.78671 3.78671
0
3.78886 3.78886
0
3.80927 3.80927
0
3.83783 3.80709
0.0945116
3.70422 3.78671
0.680499
4.72608 3.78886
87.8373
4.34962 3.80927
29.1981
3.80709 3.80709
0
3.78671 3.78671
0
3.78886 3.78886
0
3.80927 3.80927
0
3.86751 3.80709
0.365099
3.65319 3.78671
1.78269
4.71689 3.78886
86.1234
4.36208 3.80927
30.5595
3.80709 3.80709
0
3.78671 3.78671
0
3.78886 3.78886
0
3.80927 3.80927
0
3.8672 3.80709
0.361283
3.70458 3.78671
0.674466
4.75506 3.78886
93.3535
4.37001 3.80927
31.4431
3.80709 3.80709
0
3.78671 3.78671
0
3.78886 3.78886
0
3.80927 3.80927
0
3.86998 3.80709
0.395523
3.73544 3.78671
0.262895
4.67622 3.78886
78.7415
4.32068 3.80927
26.1534
3.80709 3.80709
0
3.78671 3.78671
0
3.78886 3.78886
0
3.80927 3.80927
0
3.85597 3.80709
0.238904
3.65069 3.78671
1.85004
4.76219 3.78886
94.7361
4.34241 3.80927
28.4236
3.80709 3.80709
0
3.78671 3.78671
0
3.78886 3.78886
0
3.80927 3.80927
0
3.84621 3.80709
0.153066
3.67043 3.78671
1.35217
4.73977 3.78886
90.4229
4.34868 3.80927
29.0967
3.80709 3.80709
0
3.78671 3.78671
0
3.78886 3.78886
0
3.80927 3.80927
0
3.89214 3.80709
0.723405
3.69662 3.78671
0.811567
4.69041 3.78886
81.2788
4.35264 3.80927
29.5251
3.80709 3.80709
0
3.78671 3.78671
0
3.78886 3.78886
0
3.80927 3.80927
0
3.85911 3.80709
0.270671
3.66874 3.78671
1.39175
4.72006 3.78886
86.7127
4.38078 3.80927
32.6623
3.80709 3.80709
0
3.78671 3.78671
0
3.78886 3.78886
0
3.80927 3.80927
0
3.8471 3.80709
0.160087
3.68004 3.78671
1.13787
4.69863 3.78886
82.7679
4.35813 3.80927
30.1245
3.80709 3.80709
0
3.78671 3.78671
0
3.78886 3.78886
0
3.80927 3.80927
0
3.86477 3.80709
0.332701
3.6903 3.78671
0.929446
4.73019 3.78886
88.6098
4.3608 3.80927
30.4181
3.80709 3.80709
0
3.78671 3.78671
0
3.78886 3.78886
0
3.80927 3.80927
0
3.82213 3.80709
0.0226124
3.69826 3.78671
0.782322
4.69226 3.78886
81.6135
4.36087 3.80927
30.4266
3.80709 3.80709
0
3.78671 3.78671
0
3.78886 3.78886
0
3.80927 3.80927
0
3.83962 3.80709
0.10583
3.69174 3.78671
0.901997
4.71016 3.78886
84.8793
4.40492 3.80927
35.4796
3.80709 3.80709
0
3.78671 3.78671
0
3.78886 3.78886
0
3.80927 3.80927
0
3.81857 3.80709
0.0131746
3.67579 3.78671
1.23036
4.71548 3.78886
85.8626
4.33046 3.80927
27.164
3.80709 3.80709
0
3.78671 3.78671
0
3.78886 3.78886
0
3.80927 3.80927
0
3.89881 3.80709
0.841313
3.65159 3.78671
1.82585
4.73081 3.78886
88.7261
4.40088 3.80927
34.9995
3.80709 3.80709
0
3.78671 3.78671
0
3.78886 3.78886
0
3.80927 3.80927
0
3.90257 3.80709
0.911607
3.68957 3.78671
0.943674
4.64585 3.78886
73.4424
4.36147 3.80927
30.4928
3.80709 3.80709
0
3.78671 3.78671
0
3.78886 3.78886
0
3.80927 3.80927
0
3.86592 3.80709
0.346147
3.72008 3.78671
0.443888
4.76583 3.78886
95.4473
4.38273 3.80927
32.8858
3.80709 3.80709
0
3.78671 3.78671
0
3.78886 3.78886
0
3.80927 3.80927
0
3.87389 3.80709
0.446198
3.69424 3.78671
0.855124
4.74025 3.78886
90.5141
4.3048 3.80927
24.5552
3.80709 3.80709
0
3.78671 3.78671
0
3.78886 3.78886
0
3.80927 3.80927
0
3.87915 3.80709
0.519276
3.67826 3.78671
1.17613
4.66221 3.78886
76.2731
4.36394 3.80927
30.7658
3.80709 3.80709
0
3.78671 3.78671
0
3.78886 3.78886
0
3.80927 3.80927
0
3.86687 3.80709
0.357429
3.65321 3.78671
1.78229
4.76666 3.78886
95.6082
4.38497 3.80927
33.1423
3.80709 3.80709
0
3.78671 3.78671
0
3.78886 3.78886
0
3.80927 3.80927
0
3.83008 3.80709
0.0528555
3.68076 3.78671
1.12259
4.70569 3.78886
84.0584
4.32552 3.80927
26.6518
3.80709 3.80709
0
3.78671 3.78671
0
3.78886 3.78886
0
3.80927 3.80927
0
3.8331 3.80709
0.0676426
3.70567 3.78671
0.656703
4.70042 3.78886
83.0932
4.36521 3.80927
30.9067
3.80709 3.80709
0
3.78671 3.78671
0
3.78886 3.78886
0
3.80927 3.80927
0
3.82736 3.80709
0.0410821
3.68471 3.78671
1.04039
4.73251 3.78886
89.0477
4.37819 3.80927
32.3666
3.80709 3.80709
0
3.78671 3.78671
0
3.78886 3.78886
0
3.80927 3.80927
0
3.85381 3.80709
0.218325
3.67391 3.78671
1.27227
4.73389 3.78886
89.3087
4.37002 3.80927
31.4444
3.80709 3.80709
0
3.78671 3.78671
0
3.78886 3.78886
0
3.80927 3.80927
0
3.86491 3.80709
0.334381
3.68014 3.78671
1.13573
4.71412 3.78886
85.6098
4.30552 3.80927
24.6264
3.80709 3.80709
0
3.78671 3.78671
0
3.78886 3.78886
0
3.80927 3.80927
0
3.87053 3.80709
0.402539
3.70311 3.78671
0.698964
4.73056 3.78886
88.6801
4.31494 3.80927
25.5696
3.80709 3.80709
0
3.78671 3.78671
0
3.78886 3.78886
0
3.80927 3.80927
0
3.93273 3.80709
1.57867
3.69545 3.78671
0.832858
4.69214 3.78886
81.592
4.40083 3.80927
34.9943
3.80709 3.80709
0
3.78671 3.78671
0
3.78886 3.78886
0
3.80927 3.80927
0
3.86564 3.80709
0.342775
3.73364 3.78671
0.281627
4.66552 3.78886
76.854
4.36815 3.80927
31.2348
3.80709 3.80709
0
3.78671 3.78671
0
3.78886 3.78886
0
3.80927 3.80927
0
3.81177 3.80709
0.0021874
3.69163 3.78671
0.904099
4.7305 3.78886
88.6677
4.35767 3.80927
30.0737
3.80709 3.80709
0
3.78671 3.78671
0
3.78886 3.78886
0
3.80927 3.80927
0
3.83387 3.80709
0.0717069
3.64398 3.78671
2.03705
4.77764 3.78886
97.7675
4.38807 3.80927
33.5003
3.80709 3.80709
0
3.78671 3.78671
0
3.78886 3.78886
0
3.80927 3.80927
0
3.92629 3.80709
1.42093
3.70701 3.78671
0.635219
4.73014 3.78886
88.6001
4.36516 3.80927
30.9012
3.80709 3.80709
0
3.78671 3.78671
0
3.78886 3.78886
0
3.80927 3.80927
0
3.85208 3.80709
0.202395
3.6753 3.78671
1.2411
4.71092 3.78886
85.0202
4.33629 3.80927
27.7746
3.80709 3.80709
0
3.78671 3.78671
0
3.78886 3.78886
0
3.80927 3.80927
0
3.85752 3.80709
0.254353
3.71115 3.78671
0.570899
4.70668 3.78886
84.2387
4.32048 3.80927
26.1335
3.80709 3.80709
0
3.78671 3.78671
0
3.78886 3.78886
0
3.80927 3.80927
0
3.8603 3.80709
0.283131
3.71996 3.78671
0.445583
4.72891 3.78886
88.3686
4.33625 3.80927
27.7708
3.80709 3.80709
0
3.78671 3.78671
0
3.78886 3.78886
0
3.80927 3.80927
0
3.91319 3.80709
1.1257
3.72434 3.78671
0.38904
4.70091 3.78886
83.1841
4.32441 3.80927
26.5363
3.80709 3.80709
0
3.78671 3.78671
0
3.78886 3.78886
0
3.80927 3.80927
0
3.83305 3.80709
0.0674056
3.68459 3.78671
1.04282
4.70774 3.78886
84.4331
4.31493 3.80927
25.5687
3.80709 3.80709
0
3.78671 3.78671
0
3.78886 3.78886
0
3.80927 3.80927
0
3.83681 3.80709
0.0883105
3.6945 3.78671
0.85031
4.72457 3.78886
87.5548
4.36893 3.80927
31.3217
3.80709 3.80709
0
3.78671 3.78671
0
3.78886 3.78886
0
3.80927 3.80927
0
3.87622 3.80709
0.47795
3.73435 3.78671
0.2742
4.72582 3.78886
87.79
4.32933 3.80927
27.0465
3.80709 3.80709
0
3.78671 3.78671
0
3.78886 3.78886
0
3.80927 3.80927
0
3.915 3.80709
1.16459
3.63479 3.78671
2.30789
4.70531 3.78886
83.9886
4.38086 3.80927
32.6709
3.80709 3.80709
0
3.78671 3.78671
0
3.78886 3.78886
0
3.80927 3.80927
0
3.84666 3.80709
0.156622
3.71291 3.78671
0.544636
4.71413 3.78886
85.6126
4.36887 3.80927
31.3149
3.80709 3.80709
0
3.78671 3.78671
0
3.78886 3.78886
0
3.80927 3.80927
0
3.82702 3.80709
0.0397295
3.73549 3.78671
0.262292
4.7026 3.78886
83.4922
4.39828 3.80927
34.693
3.80709 3.80709
0
3.78671 3.78671
0
3.78886 3.78886
0
3.80927 3.80927
0
3.84768 3.80709
0.164748
3.68673 3.78671
0.999604
4.71304 3.78886
85.4099
4.37208 3.80927
31.6748
3.80709 3.80709
0
3.78671 3.78671
0
3.78886 3.78886
0
3.80927 3.80927
0
3.83925 3.80709
0.10343
3.64016 3.78671
2.14779
4.77494 3.78886
97.2356
4.32171 3.80927
26.259
3.80709 3.80709
0
3.78671 3.78671
0
3.78886 3.78886
0
3.80927 3.80927
0
3.92494 3.80709
1.38895
3.65515 3.78671
1.73085
4.72151 3.78886
86.9833
4.38191 3.80927
32.7913
3.80709 3.80709
0
3.78671 3.78671
0
3.78886 3.78886
0
3.80927 3.80927
0
3.84568 3.80709
0.148932
3.6775 3.78671
1.19259
4.69522 3.78886
82.149
4.32253 3.80927
26.3431
3.80709 3.80709
0
3.78671 3.78671
0
3.78886 3.78886
0
3.80927 3.80927
0
3.83596 3.80709
0.0833266
3.66688 3.78671
1.43601
4.75796 3.78886
93.9153
4.30525 3.80927
24.5996
3.80709 3.80709
0
3.78671 3.78671
0
3.78886 3.78886
0
3.80927 3.80927
0
3.8395 3.80709
0.10505
3.63032 3.78671
2.44564
4.72263 3.78886
87.1917
4.32039 3.80927
26.1239
3.80709 3.80709
0
3.78671 3.78671
0
3.78886 3.78886
0
3.80927 3.80927
0
3.84802 3.80709
0.167507
3.69425 3.78671
0.854937
4.73106 3.78886
88.7749
4.32796 3.80927
26.9034
3.80709 3.80709
0
3.78671 3.78671
0
3.78886 3.78886
0
3.80927 3.80927
0
3.85036 3.80709
0.187242
3.7041 3.78671
0.682393
4.72051 3.78886
86.7976
4.33813 3.80927
27.9691
3.80709 3.80709
0
3.78671 3.78671
0
3.78886 3.78886
0
3.80927 3.80927
0
3.84225 3.80709
0.1236
3.72674 3.78671
0.359664
4.72548 3.78886
87.7263
4.37045 3.80927
31.4922
3.80709 3.80709
0
3.78671 3.78671
0
3.78886 3.78886
0
3.80927 3.80927
0
3.84463 3.80709
0.140937
3.68614 3.78671
1.01141
4.70507 3.78886
83.9432
4.34359 3.80927
28.5492
3.80709 3.80709
0
3.78671 3.78671
0
3.78886 3.78886
0
3.80927 3.80927
0
3.83819 3.80709
0.096709
3.65303 3.78671
1.7871
4.72534 3.78886
87.6999
4.38046 3.80927
32.6255
3.80709 3.80709
0
3.78671 3.78671
0
3.78886 3.78886
0
3.80927 3.80927
0
3.8498 3.80709
0.182427
3.74 3.78671
0.218137
4.75193 3.78886
92.75
4.37615 3.80927
32.1348
3.80709 3.80709
0
3.78671 3.78671
0
3.78886 3.78886
0
3.80927 3.80927
0
3.85596 3.80709
0.238846
3.66619 3.78671
1.45249
4.7267 3.78886
87.9546
4.36634 3.80927
31.0324
3.80709 3.80709
0
3.78671 3.78671
0
3.78886 3.78886
0
3.80927 3.80927
0
3.8434 3.80709
0.131858
3.68195 3.78671
1.09752
4.71781 3.78886
86.2947
4.36316 3.80927
30.6797
3.80709 3.80709
0
3.78671 3.78671
0
3.78886 3.78886
0
3.80927 3.80927
0
3.88155 3.80709
0.554483
3.68408 3.78671
1.0533
4.71035 3.78886
84.9145
4.33692 3.80927
27.8416
3.80709 3.80709
0
3.78671 3.78671
0
3.78886 3.78886
0
3.80927 3.80927
0
3.87367 3.80709
0.443243
3.6735 3.78671
1.28164
4.7438 3.78886
91.19
4.39107 3.80927
33.8486
3.80709 3.80709
0
3.78671 3.78671
0
3.78886 3.78886
0
3.80927 3.80927
0
3.84886 3.80709
0.174496
3.67652 3.78671
1.21423
4.79753 3.78886
101.742
4.33256 3.80927
27.383
3.80709 3.80709
0
3.78671 3.78671
0
3.78886 3.78886
0
3.80927 3.80927
0
3.88187 3.80709
0.559232
3.68163 3.78671
1.10423
4.71481 3.78886
85.7382
4.329 3.80927
27.0122
3.80709 3.80709
0
3.78671 3.78671
0
3.78886 3.78886
0
3.80927 3.80927
0
3.89554 3.80709
0.782399
3.69748 3.78671
0.796212
4.75754 3.78886
93.8331
4.3558 3.80927
29.8689
3.80709 3.80709
0
3.78671 3.78671
0
3.78886 3.78886
0
3.80927 3.80927
0
3.88137 3.80709
0.551823
3.70587 3.78671
0.6535
4.71704 3.78886
86.1525
4.38571 3.80927
33.2281
3.80709 3.80709
0
3.78671 3.78671
0
3.78886 3.78886
0
3.80927 3.80927
0
3.7658 3.80709
0.17048
3.73393 3.78671
0.278585
4.70588 3.78886
84.0924
4.33336 3.80927
27.4668
3.80709 3.80709
0
3.78671 3.78671
0
3.78886 3.78886
0
3.80927 3.80927
0
3.90862 3.80709
1.03081
3.67731 3.78671
1.1969
4.6806 3.78886
79.5194
4.33353 3.80927
27.4847
3.80709 3.80709
0
3.78671 3.78671
0
3.78886 3.78886
0
3.80927 3.80927
0
3.87558 3.80709
0.469168
3.70167 3.78671
0.723171
4.71634 3.78886
86.022
4.32368 3.80927
26.4617
3.80709 3.80709
0
3.78671 3.78671
0
3.78886 3.78886
0
3.80927 3.80927
0
3.83651 3.80709
0.086543
3.69416 3.78671
0.856447
4.72415 3.78886
87.4773
4.31518 3.80927
25.5945
3.80709 3.80709
0
3.78671 3.78671
0
3.78886 3.78886
0
3.80927 3.80927
0
3.86395 3.80709
0.323288
3.69661 3.78671
0.811715
4.69454 3.78886
82.0261
4.36617 3.80927
31.0134
3.80709 3.80709
0
3.78671 3.78671
0
3.78886 3.78886
0
3.80927 3.80927
0
3.89977 3.80709
0.858957
3.68571 3.78671
1.02009
4.68987 3.78886
81.1824
4.32089 3.80927
26.175
3.80709 3.80709
0
3.78671 3.78671
0
3.78886 3.78886
0
3.80927 3.80927
0
3.86454 3.80709
0.330101
3.67531 3.78671
1.24108
4.72128 3.78886
86.9415
4.37112 3.80927
31.5678
3.80709 3.80709
0
3.78671 3.78671
0
3.78886 3.78886
0
3.80927 3.80927
0
3.84521 3.80709
0.145352
3.73167 3.78671
0.302913
4.68655 3.78886
80.5846
4.36401 3.80927
30.7731
3.80709 3.80709
0
3.78671 3.78671
0
3.78886 3.78886
0
3.80927 3.80927
0
3.86922 3.80709
0.386058
3.64499 3.78671
2.00845
4.78084 3.78886
98.4016
4.36534 3.80927
30.9217
3.80709 3.80709
0
3.78671 3.78671
0
3.78886 3.78886
0
3.80927 3.80927
0
3.86069 3.80709
0.287337
3.69201 3.78671
0.896884
4.73421 3.78886
89.3692
4.34996 3.80927
29.2339
3.80709 3.80709
0
3.78671 3.78671
0
3.78886 3.78886
0
3.80927 3.80927
0
3.86064 3.80709
0.286761
3.70091 3.78671
0.736127
4.73144 3.78886
88.8455
4.31007 3.80927
25.0803
3.80709 3.80709
0
3.78671 3.78671
0
3.78886 3.78886
0
3.80927 3.80927
0
3.83963 3.80709
0.105868
3.70791 3.78671
0.620884
4.69172 3.78886
81.5154
4.32532 3.80927
26.6303
3.80709 3.80709
0
3.78671 3.78671
0
3.78886 3.78886
0
3.80927 3.80927
0
3.88082 3.80709
0.543602
3.69159 3.78671
0.904799
4.70677 3.78886
84.2559
4.36002 3.80927
30.332
3.80709 3.80709
0
3.78671 3.78671
0
3.78886 3.78886
0
3.80927 3.80927
0
3.91122 3.80709
1.08439
3.66612 3.78671
1.45413
4.70245 3.78886
83.4648
4.39788 3.80927
34.6461
3.80709 3.80709
0
3.78671 3.78671
0
3.78886 3.78886
0
3.80927 3.80927
0
3.82466 3.80709
0.0308918
3.67738 3.78671
1.19519
4.73596 3.78886
89.6991
4.35877 3.80927
30.1944
3.80709 3.80709
0
3.78671 3.78671
0
3.78886 3.78886
0
3.80927 3.80927
0
3.81903 3.80709
0.0142698
3.67302 3.78671
1.29258
4.73876 3.78886
90.2317
4.40021 3.80927
34.9213
3.80709 3.80709
0
3.78671 3.78671
0
3.78886 3.78886
0
3.80927 3.80927
0
3.85291 3.80709
0.209965
3.72536 3.78671
0.376364
4.73997 3.78886
90.4613
4.35303 3.80927
29.567
3.80709 3.80709
0
3.78671 3.78671
0
3.78886 3.78886
0
3.80927 3.80927
0
3.85854 3.80709
0.264752
3.63515 3.78671
2.29714
4.68493 3.78886
80.2942
4.36485 3.80927
30.8665
3.80709 3.80709
0
3.78671 3.78671
0
3.78886 3.78886
0
3.80927 3.80927
0
3.84481 3.80709
0.142253
3.71664 3.78671
0.491021
4.74228 3.78886
90.9014
4.34196 3.80927
28.3762
3.80709 3.80709
0
3.78671 3.78671
0
3.78886 3.78886
0
3.80927 3.80927
0
3.88753 3.80709
0.647064
3.63286 3.78671
2.3669
4.72018 3.78886
86.7362
4.36065 3.80927
30.4015
3.80709 3.80709
0
3.78671 3.78671
0
3.78886 3.78886
0
3.80927 3.80927
0
3.85691 3.80709
0.248188
3.68574 3.78671
1.01956
4.72313 3.78886
87.2857
4.38278 3.80927
32.8914
3.80709 3.80709
0
3.78671 3.78671
0
3.78886 3.78886
0
3.80927 3.80927
0
3.87691 3.80709
0.487526
3.67722 3.78671
1.19876
4.70588 3.78886
84.0928
4.35062 3.80927
29.3057
3.80709 3.80709
0
3.78671 3.78671
0
3.78886 3.78886
0
3.80927 3.80927
0
3.89615 3.80709
0.793271
3.67224 3.78671
1.31033
4.73133 3.78886
88.8247
4.30048 3.80927
24.1281
3.80709 3.80709
0
3.78671 3.78671
0
3.78886 3.78886
0
3.80927 3.80927
0
3.8187 3.80709
0.0134723
3.69795 3.78671
0.787802
4.72886 3.78886
88.3591
4.32198 3.80927
26.2869
3.80709 3.80709
0
3.78671 3.78671
0
3.78886 3.78886
0
3.80927 3.80927
0
3.85633 3.80709
0.242472
3.73881 3.78671
0.229447
4.68812 3.78886
80.8674
4.35684 3.80927
29.9834
3.80709 3.80709
0
3.78671 3.78671
0
3.78886 3.78886
0
3.80927 3.80927
0
3.80958 3.80709
0.000622747
3.69439 3.78671
0.852359
4.71048 3.78886
84.9383
4.30711 3.80927
24.7847
3.80709 3.80709
0
3.78671 3.78671
0
3.78886 3.78886
0
3.80927 3.80927
0
3.88072 3.80709
0.542136
3.65574 3.78671
1.71529
4.75097 3.78886
92.5646
4.33742 3.80927
27.8939
3.80709 3.80709
0
3.78671 3.78671
0
3.78886 3.78886
0
3.80927 3.80927
0
3.8569 3.80709
0.248126
3.69071 3.78671
0.92156
4.75148 3.78886
92.6631
4.35787 3.80927
30.0963
3.80709 3.80709
0
3.78671 3.78671
0
3.78886 3.78886
0
3.80927 3.80927
0
3.87905 3.80709
0.517848
3.73497 3.78671
0.267747
4.66151 3.78886
76.1521
4.30143 3.80927
24.2224
3.80709 3.80709
0
3.78671 3.78671
0
3.78886 3.78886
0
3.80927 3.80927
0
3.83988 3.80709
0.107541
3.62942 3.78671
2.47395
4.78384 3.78886
98.9993
4.36592 3.80927
30.9856
3.80709 3.80709
0
3.78671 3.78671
0
3.78886 3.78886
0
3.80927 3.80927
0
3.84628 3.80709
0.153627
3.67988 3.78671
1.14133
4.70112 3.78886
83.2226
4.34427 3.80927
28.6224
3.80709 3.80709
0
3.78671 3.78671
0
3.78886 3.78886
0
3.80927 3.80927
0
3.82957 3.80709
0.0505556
3.6639 3.78671
1.50825
4.77115 3.78886
96.4891
4.27984 3.80927
22.1438
3.80709 3.80709
0
3.78671 3.78671
0
3.78886 3.78886
0
3.80927 3.80927
0
3.83245 3.80709
0.0643173
3.72891 3.78671
0.334031
4.68917 3.78886
81.0549
4.3338 3.80927
27.5127
3.80709 3.80709
0
3.78671 3.78671
0
3.78886 3.78886
0
3.80927 3.80927
0
3.82644 3.80709
0.0374279
3.68755 3.78671
0.983201
4.73804 3.78886
90.0947
4.35926 3.80927
30.2484
3.80709 3.80709
0
3.78671 3.78671
0
3.78886 3.78886
0
3.80927 3.80927
0
3.85818 3.80709
0.261015
3.70203 3.78671
0.717111
4.65944 3.78886
75.7907
4.2887 3.80927
22.9848
3.80709 3.80709
0
3.78671 3.78671
0
3.78886 3.78886
0
3.80927 3.80927
0
3.84741 3.80709
0.162543
3.69636 3.78671
0.816357
4.72878 3.78886
88.3442
4.35883 3.80927
30.2015
3.80709 3.80709
0
3.78671 3.78671
0
3.78886 3.78886
0
3.80927 3.80927
0
3.87903 3.80709
0.517578
3.70526 3.78671
0.663347
4.69109 3.78886
81.4016
4.36134 3.80927
30.4784
3.80709 3.80709
0
3.78671 3.78671
0
3.78886 3.78886
0
3.80927 3.80927
0
3.83813 3.80709
0.0963593
3.72833 3.78671
0.340861
4.69381 3.78886
81.8939
4.35945 3.80927
30.2692
3.80709 3.80709
0
3.78671 3.78671
0
3.78886 3.78886
0
3.80927 3.80927
0
3.88553 3.80709
0.615231
3.7113 3.78671
0.568719
4.71427 3.78886
85.6391
4.39767 3.80927
34.6216
3.80709 3.80709
0
3.78671 3.78671
0
3.78886 3.78886
0
3.80927 3.80927
0
3.876 3.80709
0.474888
3.69437 3.78671
0.852608
4.69407 3.78886
81.9411
4.39875 3.80927
34.7484
3.80709 3.80709
0
3.78671 3.78671
0
3.78886 3.78886
0
3.80927 3.80927
0
3.84249 3.80709
0.125359
3.68937 3.78671
0.947554
4.69518 3.78886
82.1423
4.3761 3.80927
32.1289
3.80709 3.80709
0
3.78671 3.78671
0
3.78886 3.78886
0
3.80927 3.80927
0
3.82851 3.80709
0.0458947
3.69529 3.78671
0.835774
4.71448 3.78886
85.6769
4.31068 3.80927
25.1408
3.80709 3.80709
0
3.78671 3.78671
0
3.78886 3.78886
0
3.80927 3.80927
0
3.82939 3.80709
0.049743
3.707 3.78671
0.635382
4.72633 3.78886
87.8841
4.28934 3.80927
23.0467
3.80709 3.80709
0
3.78671 3.78671
0
3.78886 3.78886
0
3.80927 3.80927
0
3.80285 3.80709
0.00179518
3.69868 3.78671
0.774945
4.76176 3.78886
94.6528
4.36658 3.80927
31.0591
3.80709 3.80709
0
3.78671 3.78671
0
3.78886 3.78886
0
3.80927 3.80927
0
3.83375 3.80709
0.0710607
3.71463 3.78671
0.519479
4.7216 3.78886
86.9994
4.38974 3.80927
33.6949
3.80709 3.80709
0
3.78671 3.78671
0
3.78886 3.78886
0
3.80927 3.80927
0
3.90217 3.80709
0.903953
3.63842 3.78671
2.1989
4.75765 3.78886
93.8547
4.29644 3.80927
23.7329
3.80709 3.80709
0
3.78671 3.78671
0
3.78886 3.78886
0
3.80927 3.80927
0
3.86454 3.80709
0.330034
3.67254 3.78671
1.30347
4.80018 3.78886
102.278
4.3781 3.80927
32.3565
3.80709 3.80709
0
3.78671 3.78671
0
3.78886 3.78886
0
3.80927 3.80927
0
3.86575 3.80709
0.344164
3.6161 3.78671
2.91065
4.75483 3.78886
93.3091
4.32895 3.80927
27.0069
3.80709 3.80709
0
3.78671 3.78671
0
3.78886 3.78886
0
3.80927 3.80927
0
3.89274 3.80709
0.733601
3.71447 3.78671
0.521812
4.72002 3.78886
86.7067
4.38415 3.80927
33.048
3.80709 3.80709
0
3.78671 3.78671
0
3.78886 3.78886
0
3.80927 3.80927
0
3.85537 3.80709
0.233139
3.73335 3.78671
0.284764
4.69018 3.78886
81.2386
4.35692 3.80927
29.9915
3.80709 3.80709
0
3.78671 3.78671
0
3.78886 3.78886
0
3.80927 3.80927
0
3.88421 3.80709
0.594794
3.66308 3.78671
1.52832
4.75286 3.78886
92.929
4.33216 3.80927
27.3415
3.80709 3.80709
0
3.78671 3.78671
0
3.78886 3.78886
0
3.80927 3.80927
0
3.82351 3.80709
0.0269661
3.69381 3.78671
0.862955
4.7168 3.78886
86.1078
4.35674 3.80927
29.9724
3.80709 3.80709
0
3.78671 3.78671
0
3.78886 3.78886
0
3.80927 3.80927
0
3.87228 3.80709
0.425025
3.73284 3.78671
0.290219
4.70375 3.78886
83.7014
4.36101 3.80927
30.4413
3.80709 3.80709
0
3.78671 3.78671
0
3.78886 3.78886
0
3.80927 3.80927
0
3.87706 3.80709
0.489556
3.66884 3.78671
1.38924
4.69478 3.78886
82.069
4.38194 3.80927
32.795
3.80709 3.80709
0
3.78671 3.78671
0
3.78886 3.78886
0
3.80927 3.80927
0
3.83948 3.80709
0.104898
3.67975 3.78671
1.14405
4.72234 3.78886
87.1391
4.4175 3.80927
36.9946
3.80709 3.80709
0
3.78671 3.78671
0
3.78886 3.78886
0
3.80927 3.80927
0
3.8933 3.80709
0.743307
3.6777 3.78671
1.18821
4.73502 3.78886
89.5216
4.3155 3.80927
25.6266
3.80709 3.80709
0
3.78671 3.78671
0
3.78886 3.78886
0
3.80927 3.80927
0
3.86124 3.80709
0.293192
3.71595 3.78671
0.500675
4.73926 3.78886
90.325
4.32975 3.80927
27.0899
3.80709 3.80709
0
3.78671 3.78671
0
3.78886 3.78886
0
3.80927 3.80927
0
3.90487 3.80709
0.956048
3.6929 3.78671
0.880059
4.69136 3.78886
81.4506
4.3628 3.80927
30.6393
3.80709 3.80709
0
3.78671 3.78671
0
3.78886 3.78886
0
3.80927 3.80927
0
3.86651 3.80709
0.35305
3.72079 3.78671
0.434596
4.72473 3.78886
87.5846
4.39119 3.80927
33.8626
3.80709 3.80709
0
3.78671 3.78671
0
3.78886 3.78886
0
3.80927 3.80927
0
3.87228 3.80709
0.424999
3.68229 3.78671
1.09034
4.75322 3.78886
92.9983
4.33691 3.80927
27.8401
3.80709 3.80709
0
3.78671 3.78671
0
3.78886 3.78886
0
3.80927 3.80927
0
3.84782 3.80709
0.165943
3.68737 3.78671
0.986913
4.74207 3.78886
90.8604
4.3493 3.80927
29.1626
3.80709 3.80709
0
3.78671 3.78671
0
3.78886 3.78886
0
3.80927 3.80927
0
3.81716 3.80709
0.0101394
3.69642 3.78671
0.815289
4.7204 3.78886
86.7761
4.35465 3.80927
29.7437
3.80709 3.80709
0
3.78671 3.78671
0
3.78886 3.78886
0
3.80927 3.80927
0
3.83376 3.80709
0.0711393
3.69362 3.78671
0.8666
4.72434 3.78886
87.5117
4.38444 3.80927
33.0822
3.80709 3.80709
0
3.78671 3.78671
0
3.78886 3.78886
0
3.80927 3.80927
0
3.84574 3.80709
0.149393
3.70654 3.78671
0.642684
4.72505 3.78886
87.6458
4.29885 3.80927
23.9685
3.80709 3.80709
0
3.78671 3.78671
0
3.78886 3.78886
0
3.80927 3.80927
0
3.87797 3.80709
0.502373
3.68018 3.78671
1.1349
4.69659 3.78886
82.3966
4.32776 3.80927
26.8832
3.80709 3.80709
0
3.78671 3.78671
0
3.78886 3.78886
0
3.80927 3.80927
0
3.8232 3.80709
0.0259483
3.70056 3.78671
0.742246
4.70238 3.78886
83.4518
4.32918 3.80927
27.0301
3.80709 3.80709
0
3.78671 3.78671
0
3.78886 3.78886
0
3.80927 3.80927
0
3.8651 3.80709
0.336487
3.69472 3.78671
0.84626
4.68122 3.78886
79.6297
4.37578 3.80927
32.0927
3.80709 3.80709
0
3.78671 3.78671
0
3.78886 3.78886
0
3.80927 3.80927
0
3.81775 3.80709
0.01136
3.70067 3.78671
0.740318
4.71237 3.78886
85.2861
4.31647 3.80927
25.7246
3.80709 3.80709
0
3.78671 3.78671
0
3.78886 3.78886
0
3.80927 3.80927
0
3.85921 3.80709
0.271611
3.70449 3.78671
0.676
4.73218 3.78886
88.9859
4.40398 3.80927
35.3684
3.80709 3.80709
0
3.78671 3.78671
0
3.78886 3.78886
0
3.80927 3.80927
0
3.84751 3.80709
0.163398
3.67151 3.78671
1.32702
4.77184 3.78886
96.6252
4.31761 3.80927
25.8413
3.80709 3.80709
0
3.78671 3.78671
0
3.78886 3.78886
0
3.80927 3.80927
0
3.85768 3.80709
0.255992
3.67577 3.78671
1.23079
4.73762 3.78886
90.0145
4.41376 3.80927
36.5401
3.80709 3.80709
0
3.78671 3.78671
0
3.78886 3.78886
0
3.80927 3.80927
0
3.86839 3.80709
0.375752
3.66865 3.78671
1.39385
4.68685 3.78886
80.6377
4.33703 3.80927
27.8533
3.80709 3.80709
0
3.78671 3.78671
0
3.78886 3.78886
0
3.80927 3.80927
0
3.82031 3.80709
0.0174866
3.67575 3.78671
1.23129
4.74872 3.78886
92.1326
4.35908 3.80927
30.2288
3.80709 3.80709
0
3.78671 3.78671
0
3.78886 3.78886
0
3.80927 3.80927
0
3.84777 3.80709
0.1655
3.6527 3.78671
1.79596
4.77479 3.78886
97.2048
4.31946 3.80927
26.0291
3.80709 3.80709
0
3.78671 3.78671
0
3.78886 3.78886
0
3.80927 3.80927
0
3.83629 3.80709
0.0852908
3.69528 3.78671
0.83586
4.71199 3.78886
85.2168
4.36454 3.80927
30.832
3.80709 3.80709
0
3.78671 3.78671
0
3.78886 3.78886
0
3.80927 3.80927
0
3.85873 3.80709
0.266696
3.67348 3.78671
1.28204
4.73874 3.78886
90.2273
4.36258 3.80927
30.6146
3.80709 3.80709
0
3.78671 3.78671
0
3.78886 3.78886
0
3.80927 3.80927
0
3.85923 3.80709
0.271917
3.7402 3.78671
0.216341
4.6674 3.78886
77.1829
4.3394 3.80927
28.1035
3.80709 3.80709
0
3.78671 3.78671
0
3.78886 3.78886
0
3.80927 3.80927
0
3.81354 3.80709
0.00416273
3.67568 3.78671
1.23275
4.70018 3.78886
83.0502
4.34304 3.80927
28.4906
3.80709 3.80709
0
3.78671 3.78671
0
3.78886 3.78886
0
3.80927 3.80927
0
3.86586 3.80709
0.345426
3.69598 3.78671
0.823132
4.68279 3.78886
79.9112
4.33098 3.80927
27.2184
3.80709 3.80709
0
3.78671 3.78671
0
3.78886 3.78886
0
3.80927 3.80927
0
3.845 3.80709
0.143699
3.74157 3.78671
0.203748
4.70238 3.78886
83.4525
4.33927 3.80927
28.0902
3.80709 3.80709
0
3.78671 3.78671
0
3.78886 3.78886
0
3.80927 3.80927
0
3.83746 3.80709
0.0922508
3.67911 3.78671
1.1577
4.74028 3.78886
90.5192
4.34427 3.80927
28.6228
3.80709 3.80709
0
3.78671 3.78671
0
3.78886 3.78886
0
3.80927 3.80927
0
3.85282 3.80709
0.209117
3.68534 3.78671
1.02754
4.72167 3.78886
87.0135
4.35681 3.80927
29.9799
3.80709 3.80709
0
3.78671 3.78671
0
3.78886 3.78886
0
3.80927 3.80927
0
3.85258 3.80709
0.206949
3.64008 3.78671
2.15
4.73175 3.78886
88.904
4.3237 3.80927
26.464
3.80709 3.80709
0
3.78671 3.78671
0
3.78886 3.78886
0
3.80927 3.80927
0
3.87681 3.80709
0.486094
3.67354 3.78671
1.28067
4.67902 3.78886
79.2381
4.35504 3.80927
29.7867
3.80709 3.80709
0
3.78671 3.78671
0
3.78886 3.78886
0
3.80927 3.80927
0
3.78919 3.80709
0.0320196
3.68524 3.78671
1.02968
4.69564 3.78886
82.2248
4.32155 3.80927
26.2428
3.80709 3.80709
0
3.78671 3.78671
0
3.78886 3.78886
0
3.80927 3.80927
0
3.84634 3.80709
0.154059
3.73089 3.78671
0.311589
4.70286 3.78886
83.54
4.35898 3.80927
30.218
3.80709 3.80709
0
3.78671 3.78671
0
3.78886 3.78886
0
3.80927 3.80927
0
3.84797 3.80709
0.167119
3.67887 3.78671
1.16296
4.76442 3.78886
95.1708
4.32583 3.80927
26.6831
3.80709 3.80709
0
3.78671 3.78671
0
3.78886 3.78886
0
3.80927 3.80927
0
3.84013 3.80709
0.109187
3.68056 3.78671
1.12682
4.70664 3.78886
84.2321
4.38615 3.80927
33.2785
3.80709 3.80709
0
3.78671 3.78671
0
3.78886 3.78886
0
3.80927 3.80927
0
3.82971 3.80709
0.0511862
3.70982 3.78671
0.591242
4.7208 3.78886
86.8507
4.42447 3.80927
37.8472
3.80709 3.80709
0
3.78671 3.78671
0
3.78886 3.78886
0
3.80927 3.80927
0
3.86648 3.80709
0.352677
3.70267 3.78671
0.706327
4.69123 3.78886
81.4279
4.37625 3.80927
32.1463
3.80709 3.80709
0
3.78671 3.78671
0
3.78886 3.78886
0
3.80927 3.80927
0
3.91696 3.80709
1.20721
3.67805 3.78671
1.18076
4.70505 3.78886
83.9396
4.35219 3.80927
29.4758
3.80709 3.80709
0
3.78671 3.78671
0
3.78886 3.78886
0
3.80927 3.80927
0
3.85423 3.80709
0.222242
3.65448 3.78671
1.7485
4.7646 3.78886
95.2062
4.35693 3.80927
29.9932
3.80709 3.80709
0
3.78671 3.78671
0
3.78886 3.78886
0
3.80927 3.80927
0
3.86273 3.80709
0.309587
3.7254 3.78671
0.37586
4.68184 3.78886
79.7411
4.36449 3.80927
30.8271
3.80709 3.80709
0
3.78671 3.78671
0
3.78886 3.78886
0
3.80927 3.80927
0
3.88403 3.80709
0.592069
3.6502 3.78671
1.86353
4.7252 3.78886
87.6724
4.41206 3.80927
36.3355
3.80709 3.80709
0
3.78671 3.78671
0
3.78886 3.78886
0
3.80927 3.80927
0
3.82093 3.80709
0.019145
3.6725 3.78671
1.30438
4.7526 3.78886
92.8789
4.30695 3.80927
24.7683
3.80709 3.80709
0
3.78671 3.78671
0
3.78886 3.78886
0
3.80927 3.80927
0
3.86512 3.80709
0.336751
3.68882 3.78671
0.958297
4.7015 3.78886
83.2907
4.35195 3.80927
29.45
3.80709 3.80709
0
3.78671 3.78671
0
3.78886 3.78886
0
3.80927 3.80927
0
3.90422 3.80709
0.943451
3.64381 3.78671
2.04193
4.72637 3.78886
87.893
4.29905 3.80927
23.9881
3.80709 3.80709
0
3.78671 3.78671
0
3.78886 3.78886
0
3.80927 3.80927
0
3.80669 3.80709
1.61574e-05
3.71438 3.78671
0.523091
4.7124 3.78886
85.2916
4.36375 3.80927
30.7444
3.80709 3.80709
0
3.78671 3.78671
0
3.78886 3.78886
0
3.80927 3.80927
0
3.89182 3.80709
0.71789
3.70176 3.78671
0.72168
4.74018 3.78886
90.4999
4.36531 3.80927
30.9179
3.80709 3.80709
0
3.78671 3.78671
0
3.78886 3.78886
0
3.80927 3.80927
0
3.82712 3.80709
0.0401264
3.70795 3.78671
0.62024
4.7066 3.78886
84.2248
4.31897 3.80927
25.9795
3.80709 3.80709
0
3.78671 3.78671
0
3.78886 3.78886
0
3.80927 3.80927
0
3.8368 3.80709
0.0882528
3.65857 3.78671
1.64189
4.74967 3.78886
92.3148
4.37741 3.80927
32.2779
3.80709 3.80709
0
3.78671 3.78671
0
3.78886 3.78886
0
3.80927 3.80927
0
3.87769 3.80709
0.498386
3.64833 3.78671
1.91475
4.72035 3.78886
86.7669
4.35928 3.80927
30.2514
3.80709 3.80709
0
3.78671 3.78671
0
3.78886 3.78886
0
3.80927 3.80927
0
3.91668 3.80709
1.20094
3.63439 3.78671
2.32013
4.76486 3.78886
95.2581
4.35358 3.80927
29.6276
3.80709 3.80709
0
3.78671 3.78671
0
3.78886 3.78886
0
3.80927 3.80927
0
3.80951 3.80709
0.000585427
3.64092 3.78671
2.12536
4.74892 3.78886
92.1708
4.35312 3.80927
29.5767
3.80709 3.80709
0
3.78671 3.78671
0
3.78886 3.78886
0
3.80927 3.80927
0
3.90804 3.80709
1.01916
3.66248 3.78671
1.54321
4.76252 3.78886
94.8011
4.33871 3.80927
28.0309
3.80709 3.80709
0
3.78671 3.78671
0
3.78886 3.78886
0
3.80927 3.80927
0
3.84158 3.80709
0.118956
3.71878 3.78671
0.461389
4.70092 3.78886
83.1849
4.3441 3.80927
28.6045
3.80709 3.80709
0
3.78671 3.78671
0
3.78886 3.78886
0
3.80927 3.80927
0
3.86036 3.80709
0.283771
3.66404 3.78671
1.50488
4.73832 3.78886
90.1478
4.33659 3.80927
27.8069
3.80709 3.80709
0
3.78671 3.78671
0
3.78886 3.78886
0
3.80927 3.80927
0
3.89269 3.80709
0.732779
3.69437 3.78671
0.852564
4.69544 3.78886
82.1885
4.30268 3.80927
24.3448
3.80709 3.80709
0
3.78671 3.78671
0
3.78886 3.78886
0
3.80927 3.80927
0
3.86296 3.80709
0.312136
3.65868 3.78671
1.63907
4.70983 3.78886
84.8182
4.35847 3.80927
30.1614
3.80709 3.80709
0
3.78671 3.78671
0
3.78886 3.78886
0
3.80927 3.80927
0
3.82379 3.80709
0.0278772
3.66144 3.78671
1.56927
4.75191 3.78886
92.7472
4.30248 3.80927
24.3252
3.80709 3.80709
0
3.78671 3.78671
0
3.78886 3.78886
0
3.80927 3.80927
0
3.85087 3.80709
0.19171
3.69724 3.78671
0.800497
4.66841 3.78886
77.36
4.3225 3.80927
26.3408
3.80709 3.80709
0
3.78671 3.78671
0
3.78886 3.78886
0
3.80927 3.80927
0
3.87733 3.80709
0.493433
3.72991 3.78671
0.322662
4.7169 3.78886
86.1256
4.31394 3.80927
25.4689
3.80709 3.80709
0
3.78671 3.78671
0
3.78886 3.78886
0
3.80927 3.80927
0
3.8304 3.80709
0.0543423
3.69029 3.78671
0.929672
4.73478 3.78886
89.4768
4.35156 3.80927
29.4077
3.80709 3.80709
0
3.78671 3.78671
0
3.78886 3.78886
0
3.80927 3.80927
0
3.87062 3.80709
0.403654
3.64282 3.78671
2.07031
4.68757 3.78886
80.7683
4.34981 3.80927
29.2185
3.80709 3.80709
0
3.78671 3.78671
0
3.78886 3.78886
0
3.80927 3.80927
0
3.8917 3.80709
0.715864
3.71454 3.78671
0.520842
4.69524 3.78886
82.1519
4.32023 3.80927
26.1084
3.80709 3.80709
0
3.78671 3.78671
0
3.78886 3.78886
0
3.80927 3.80927
0
3.86649 3.80709
0.352905
3.68848 3.78671
0.96489
4.69677 3.78886
82.4308
4.31793 3.80927
25.8731
3.80709 3.80709
0
3.78671 3.78671
0
3.78886 3.78886
0
3.80927 3.80927
0
3.84043 3.80709
0.111151
3.73094 3.78671
0.311061
4.66695 3.78886
77.1043
4.37712 3.80927
32.2448
3.80709 3.80709
0
3.78671 3.78671
0
3.78886 3.78886
0
3.80927 3.80927
0
3.8473 3.80709
0.161697
3.70213 3.78671
0.715406
4.71142 3.78886
85.1107
4.41755 3.80927
37.0007
3.80709 3.80709
0
3.78671 3.78671
0
3.78886 3.78886
0
3.80927 3.80927
0
3.82576 3.80709
0.0348571
3.73883 3.78671
0.229197
4.71034 3.78886
84.9131
4.35932 3.80927
30.2556
3.80709 3.80709
0
3.78671 3.78671
0
3.78886 3.78886
0
3.80927 3.80927
0
3.81611 3.80709
0.00813507
3.7269 3.78671
0.357747
4.71625 3.78886
86.0048
4.38561 3.80927
33.2162
3.80709 3.80709
0
3.78671 3.78671
0
3.78886 3.78886
0
3.80927 3.80927
0
3.8453 3.80709
0.146034
3.70432 3.78671
0.678807
4.75836 3.78886
93.9933
4.37865 3.80927
32.4191
3.80709 3.80709
0
3.78671 3.78671
0
3.78886 3.78886
0
3.80927 3.80927
0
3.8706 3.80709
0.403358
3.63623 3.78671
2.26434
4.71877 3.78886
86.4741
4.35791 3.80927
30.1
3.80709 3.80709
0
3.78671 3.78671
0
3.78886 3.78886
0
3.80927 3.80927
0
3.90232 3.80709
0.906961
3.67011 3.78671
1.35949
4.71745 3.78886
86.2282
4.29316 3.80927
23.415
3.80709 3.80709
0
3.78671 3.78671
0
3.78886 3.78886
0
3.80927 3.80927
0
3.90268 3.80709
0.913766
3.68659 3.78671
1.00249
4.6976 3.78886
82.5806
4.32434 3.80927
26.5296
3.80709 3.80709
0
3.78671 3.78671
0
3.78886 3.78886
0
3.80927 3.80927
0
3.83246 3.80709
0.0643659
3.73425 3.78671
0.27518
4.68451 3.78886
80.2196
4.34283 3.80927
28.4688
3.80709 3.80709
0
3.78671 3.78671
0
3.78886 3.78886
0
3.80927 3.80927
0
3.89551 3.80709
0.781774
3.70753 3.78671
0.627003
4.7375 3.78886
89.992
4.37957 3.80927
32.5241
3.80709 3.80709
0
3.78671 3.78671
0
3.78886 3.78886
0
3.80927 3.80927
0
3.87046 3.80709
0.401621
3.66081 3.78671
1.58507
4.74805 3.78886
92.0039
4.3207 3.80927
26.1557
3.80709 3.80709
0
3.78671 3.78671
0
3.78886 3.78886
0
3.80927 3.80927
0
3.8758 3.80709
0.472073
3.67097 3.78671
1.33964
4.76034 3.78886
94.3765
4.34274 3.80927
28.4587
3.80709 3.80709
0
3.78671 3.78671
0
3.78886 3.78886
0
3.80927 3.80927
0
3.89334 3.80709
0.743948
3.65043 3.78671
1.8573
4.67921 3.78886
79.2729
4.32367 3.80927
26.4603
3.80709 3.80709
0
3.78671 3.78671
0
3.78886 3.78886
0
3.80927 3.80927
0
3.90617 3.80709
0.981658
3.66806 3.78671
1.40782
4.70984 3.78886
84.82
4.34396 3.80927
28.5896
3.80709 3.80709
0
3.78671 3.78671
0
3.78886 3.78886
0
3.80927 3.80927
0
3.92528 3.80709
1.39703
3.68368 3.78671
1.06147
4.71617 3.78886
85.9906
4.3449 3.80927
28.6894
3.80709 3.80709
0
3.78671 3.78671
0
3.78886 3.78886
0
3.80927 3.80927
0
3.85613 3.80709
0.240456
3.69326 3.78671
0.873294
4.75529 3.78886
93.399
4.30793 3.80927
24.8662
3.80709 3.80709
0
3.78671 3.78671
0
3.78886 3.78886
0
3.80927 3.80927
0
3.88956 3.80709
0.680091
3.6641 3.78671
1.50321
4.712 3.78886
85.2195
4.31814 3.80927
25.8947
3.80709 3.80709
0
3.78671 3.78671
0
3.78886 3.78886
0
3.80927 3.80927
0
3.85715 3.80709
0.250597
3.67348 3.78671
1.28201
4.72504 3.78886
87.644
4.35534 3.80927
29.8186
3.80709 3.80709
0
3.78671 3.78671
0
3.78886 3.78886
0
3.80927 3.80927
0
3.86529 3.80709
0.33872
3.6673 3.78671
1.4259
4.72995 3.78886
88.5641
4.33507 3.80927
27.6468
3.80709 3.80709
0
3.78671 3.78671
0
3.78886 3.78886
0
3.80927 3.80927
0
3.84839 3.80709
0.170565
3.74045 3.78671
0.214015
4.7309 3.78886
88.7441
4.37766 3.80927
32.3062
3.80709 3.80709
0
3.78671 3.78671
0
3.78886 3.78886
0
3.80927 3.80927
0
3.80252 3.80709
0.00208647
3.68406 3.78671
1.05378
4.73265 3.78886
89.0746
4.35657 3.80927
29.9536
3.80709 3.80709
0
3.78671 3.78671
0
3.78886 3.78886
0
3.80927 3.80927
0
3.8174 3.80709
0.0106296
3.68788 3.78671
0.976738
4.74369 3.78886
91.1693
4.3558 3.80927
29.8693
3.80709 3.80709
0
3.78671 3.78671
0
3.78886 3.78886
0
3.80927 3.80927
0
3.85988 3.80709
0.278742
3.69886 3.78671
0.771763
4.73651 3.78886
89.8032
4.33477 3.80927
27.6149
3.80709 3.80709
0
3.78671 3.78671
0
3.78886 3.78886
0
3.80927 3.80927
0
3.84418 3.80709
0.137607
3.66198 3.78671
1.55579
4.72762 3.78886
88.1275
4.32585 3.80927
26.6855
3.80709 3.80709
0
3.78671 3.78671
0
3.78886 3.78886
0
3.80927 3.80927
0
3.8281 3.80709
0.0441534
3.66971 3.78671
1.36885
4.80453 3.78886
103.159
4.41364 3.80927
36.5257
3.80709 3.80709
0
3.78671 3.78671
0
3.78886 3.78886
0
3.80927 3.80927
0
3.8873 3.80709
0.643432
3.6787 3.78671
1.16657
4.72593 3.78886
87.8101
4.38391 3.80927
33.0209
3.80709 3.80709
0
3.78671 3.78671
0
3.78886 3.78886
0
3.80927 3.80927
0
3.85894 3.80709
0.268868
3.70757 3.78671
0.62629
4.70187 3.78886
83.3585
4.3651 3.80927
30.8946
3.80709 3.80709
0
3.78671 3.78671
0
3.78886 3.78886
0
3.80927 3.80927
0
3.88507 3.80709
0.608081
3.71486 3.78671
0.516223
4.68449 3.78886
80.2157
4.38734 3.80927
33.4159
3.80709 3.80709
0
3.78671 3.78671
0
3.78886 3.78886
0
3.80927 3.80927
0
3.80445 3.80709
0.000695224
3.7151 3.78671
0.512786
4.73616 3.78886
89.7383
4.34224 3.80927
28.4061
3.80709 3.80709
0
3.78671 3.78671
0
3.78886 3.78886
0
3.80927 3.80927
0
3.84197 3.80709
0.121699
3.69827 3.78671
0.782233
4.71453 3.78886
85.6869
4.35049 3.80927
29.2914
3.80709 3.80709
0
3.78671 3.78671
0
3.78886 3.78886
0
3.80927 3.80927
0
3.84959 3.80709
0.180675
3.71312 3.78671
0.541473
4.68774 3.78886
80.7978
4.37977 3.80927
32.5469
3.80709 3.80709
0
3.78671 3.78671
0
3.78886 3.78886
0
3.80927 3.80927
0
3.87666 3.80709
0.484065
3.70585 3.78671
0.653872
4.68442 3.78886
80.2031
4.29809 3.80927
23.8948
3.80709 3.80709
0
3.78671 3.78671
0
3.78886 3.78886
0
3.80927 3.80927
0
3.88348 3.80709
0.583617
3.64233 3.78671
2.08451
4.78095 3.78886
98.4249
4.35391 3.80927
29.6629
3.80709 3.80709
0
3.78671 3.78671
0
3.78886 3.78886
0
3.80927 3.80927
0
3.8923 3.80709
0.726024
3.6493 3.78671
1.88811
4.72025 3.78886
86.748
4.3643 3.80927
30.8056
3.80709 3.80709
0
3.78671 3.78671
0
3.78886 3.78886
0
3.80927 3.80927
0
3.89225 3.80709
0.72516
3.63235 3.78671
2.3828
4.74042 3.78886
90.5467
4.38858 3.80927
33.5597
3.80709 3.80709
0
3.78671 3.78671
0
3.78886 3.78886
0
3.80927 3.80927
0
3.86764 3.80709
0.366659
3.68776 3.78671
0.979196
4.73197 3.78886
88.9463
4.34539 3.80927
28.742
3.80709 3.80709
0
3.78671 3.78671
0
3.78886 3.78886
0
3.80927 3.80927
0
3.85131 3.80709
0.195556
3.68146 3.78671
1.10784
4.68728 3.78886
80.7151
4.34649 3.80927
28.86
3.80709 3.80709
0
3.78671 3.78671
0
3.78886 3.78886
0
3.80927 3.80927
0
3.82883 3.80709
0.0472883
3.68409 3.78671
1.05307
4.72758 3.78886
88.12
4.35472 3.80927
29.7511
3.80709 3.80709
0
3.78671 3.78671
0
3.78886 3.78886
0
3.80927 3.80927
0
3.83646 3.80709
0.0862923
3.73022 3.78671
0.319121
4.73428 3.78886
89.3809
4.39308 3.80927
34.0838
3.80709 3.80709
0
3.78671 3.78671
0
3.78886 3.78886
0
3.80927 3.80927
0
3.86926 3.80709
0.386553
3.6523 3.78671
1.80654
4.70007 3.78886
83.0297
4.3084 3.80927
24.913
3.80709 3.80709
0
3.78671 3.78671
0
3.78886 3.78886
0
3.80927 3.80927
0
3.82562 3.80709
0.0343236
3.67331 3.78671
1.28605
4.68819 3.78886
80.8788
4.35083 3.80927
29.3282
3.80709 3.80709
0
3.78671 3.78671
0
3.78886 3.78886
0
3.80927 3.80927
0
3.89613 3.80709
0.792792
3.64083 3.78671
2.12795
4.76648 3.78886
95.5746
4.34179 3.80927
28.3579
3.80709 3.80709
0
3.78671 3.78671
0
3.78886 3.78886
0
3.80927 3.80927
0
3.91401 3.80709
1.14313
3.69341 3.78671
0.8705
4.70877 3.78886
84.6241
4.34614 3.80927
28.8228
3.80709 3.80709
0
3.78671 3.78671
0
3.78886 3.78886
0
3.80927 3.80927
0
3.8978 3.80709
0.822942
3.70394 3.78671
0.685049
4.73895 3.78886
90.2678
4.33506 3.80927
27.6452
3.80709 3.80709
0
3.78671 3.78671
0
3.78886 3.78886
0
3.80927 3.80927
0
3.8651 3.80709
0.336541
3.70759 3.78671
0.625935
4.71874 3.78886
86.4678
4.27885 3.80927
22.0503
3.80709 3.80709
0
3.78671 3.78671
0
3.78886 3.78886
0
3.80927 3.80927
0
3.83417 3.80709
0.0733642
3.6884 3.78671
0.966424
4.71926 3.78886
86.5635
4.36988 3.80927
31.428
3.80709 3.80709
0
3.78671 3.78671
0
3.78886 3.78886
0
3.80927 3.80927
0
3.85667 3.80709
0.245822
3.6956 3.78671
0.830112
4.7413 3.78886
90.7148
4.34968 3.80927
29.2044
3.80709 3.80709
0
3.78671 3.78671
0
3.78886 3.78886
0
3.80927 3.80927
0
3.84674 3.80709
0.157254
3.73082 3.78671
0.312362
4.72249 3.78886
87.1669
4.35026 3.80927
29.2666
3.80709 3.80709
0
3.78671 3.78671
0
3.78886 3.78886
0
3.80927 3.80927
0
3.85838 3.80709
0.263087
3.73821 3.78671
0.235211
4.69411 3.78886
81.9482
4.39753 3.80927
34.6051
3.80709 3.80709
0
3.78671 3.78671
0
3.78886 3.78886
0
3.80927 3.80927
0
3.86192 3.80709
0.300595
3.71768 3.78671
0.476533
4.7122 3.78886
85.2564
4.3533 3.80927
29.5972
3.80709 3.80709
0
3.78671 3.78671
0
3.78886 3.78886
0
3.80927 3.80927
0
3.85519 3.80709
0.23138
3.65011 3.78671
1.86597
4.75977 3.78886
94.2669
4.33398 3.80927
27.532
3.80709 3.80709
0
3.78671 3.78671
0
3.78886 3.78886
0
3.80927 3.80927
0
3.82765 3.80709
0.0422953
3.67012 3.78671
1.35931
4.70671 3.78886
84.2454
4.37258 3.80927
31.7321
3.80709 3.80709
0
3.78671 3.78671
0
3.78886 3.78886
0
3.80927 3.80927
0
3.89975 3.80709
0.858632
3.69171 3.78671
0.902514
4.71426 3.78886
85.6359
4.33373 3.80927
27.506
3.80709 3.80709
0
3.78671 3.78671
0
3.78886 3.78886
0
3.80927 3.80927
0
3.88901 3.80709
0.671144
3.68224 3.78671
1.09145
4.72534 3.78886
87.6985
4.35386 3.80927
29.6577
3.80709 3.80709
0
3.78671 3.78671
0
3.78886 3.78886
0
3.80927 3.80927
0
3.81432 3.80709
0.00523204
3.71433 3.78671
0.523912
4.71051 3.78886
84.9441
4.37713 3.80927
32.2468
3.80709 3.80709
0
3.78671 3.78671
0
3.78886 3.78886
0
3.80927 3.80927
0
3.91703 3.80709
1.20869
3.69929 3.78671
0.764265
4.72892 3.78886
88.3716
4.35892 3.80927
30.2117
3.80709 3.80709
0
3.78671 3.78671
0
3.78886 3.78886
0
3.80927 3.80927
0
3.8441 3.80709
0.136996
3.67655 3.78671
1.21356
4.72961 3.78886
88.5018
4.29646 3.80927
23.7354
3.80709 3.80709
0
3.78671 3.78671
0
3.78886 3.78886
0
3.80927 3.80927
0
3.84614 3.80709
0.152503
3.65503 3.78671
1.73385
4.72719 3.78886
88.046
4.31262 3.80927
25.3356
3.80709 3.80709
0
3.78671 3.78671
0
3.78886 3.78886
0
3.80927 3.80927
0
3.83649 3.80709
0.0864671
3.69842 3.78671
0.779475
4.71971 3.78886
86.6478
4.39073 3.80927
33.8092
3.80709 3.80709
0
3.78671 3.78671
0
3.78886 3.78886
0
3.80927 3.80927
0
3.89673 3.80709
0.803634
3.66202 3.78671
1.55464
4.74314 3.78886
91.0657
4.3612 3.80927
30.4621
3.80709 3.80709
0
3.78671 3.78671
0
3.78886 3.78886
0
3.80927 3.80927
0
3.80053 3.80709
0.00429548
3.67568 3.78671
1.23286
4.70783 3.78886
84.4504
4.35377 3.80927
29.6477
3.80709 3.80709
0
3.78671 3.78671
0
3.78886 3.78886
0
3.80927 3.80927
0
3.91012 3.80709
1.06146
3.65626 3.78671
1.70161
4.65913 3.78886
75.7367
4.36074 3.80927
30.4116
3.80709 3.80709
0
3.78671 3.78671
0
3.78886 3.78886
0
3.80927 3.80927
0
3.93458 3.80709
1.62544
3.64423 3.78671
2.02991
4.68087 3.78886
79.5679
4.33646 3.80927
27.7928
3.80709 3.80709
0
3.78671 3.78671
0
3.78886 3.78886
0
3.80927 3.80927
0
3.84055 3.80709
0.111942
3.65475 3.78671
1.7413
4.71564 3.78886
85.8928
4.34901 3.80927
29.1321
3.80709 3.80709
0
3.78671 3.78671
0
3.78886 3.78886
0
3.80927 3.80927
0
3.85275 3.80709
0.208457
3.70497 3.78671
0.668143
4.73583 3.78886
89.6759
4.367 3.80927
31.1057
3.80709 3.80709
0
3.78671 3.78671
0
3.78886 3.78886
0
3.80927 3.80927
0
3.88459 3.80709
0.600721
3.67973 3.78671
1.14443
4.72834 3.78886
88.2623
4.36938 3.80927
31.3722
3.80709 3.80709
0
3.78671 3.78671
0
3.78886 3.78886
0
3.80927 3.80927
0
3.90523 3.80709
0.963092
3.68732 3.78671
0.987866
4.72005 3.78886
86.7119
4.31877 3.80927
25.9592
3.80709 3.80709
0
3.78671 3.78671
0
3.78886 3.78886
0
3.80927 3.80927
0
3.79187 3.80709
0.0231553
3.66592 3.78671
1.45906
4.75095 3.78886
92.561
4.34496 3.80927
28.6961
3.80709 3.80709
0
3.78671 3.78671
0
3.78886 3.78886
0
3.80927 3.80927
0
3.77319 3.80709
0.114894
3.68308 3.78671
1.07398
4.73292 3.78886
89.125
4.3445 3.80927
28.6472
3.80709 3.80709
0
3.78671 3.78671
0
3.78886 3.78886
0
3.80927 3.80927
0
3.87606 3.80709
0.475726
3.64935 3.78671
1.88666
4.76088 3.78886
94.4824
4.34076 3.80927
28.2479
3.80709 3.80709
0
3.78671 3.78671
0
3.78886 3.78886
0
3.80927 3.80927
0
3.85582 3.80709
0.237494
3.71403 3.78671
0.52822
4.69248 3.78886
81.6522
4.35906 3.80927
30.2265
3.80709 3.80709
0
3.78671 3.78671
0
3.78886 3.78886
0
3.80927 3.80927
0
3.85123 3.80709
0.194804
3.70296 3.78671
0.701407
4.7028 3.78886
83.5289
4.35314 3.80927
29.5793
3.80709 3.80709
0
3.78671 3.78671
0
3.78886 3.78886
0
3.80927 3.80927
0
3.82984 3.80709
0.0517474
3.71539 3.78671
0.508622
4.72068 3.78886
86.8292
4.39093 3.80927
33.8325
3.80709 3.80709
0
3.78671 3.78671
0
3.78886 3.78886
0
3.80927 3.80927
0
3.86511 3.80709
0.336679
3.71207 3.78671
0.557176
4.73629 3.78886
89.7618
4.33884 3.80927
28.0444
3.80709 3.80709
0
3.78671 3.78671
0
3.78886 3.78886
0
3.80927 3.80927
0
3.81107 3.80709
0.00158848
3.70699 3.78671
0.63559
4.73525 3.78886
89.5654
4.36707 3.80927
31.114
3.80709 3.80709
0
3.78671 3.78671
0
3.78886 3.78886
0
3.80927 3.80927
0
3.89227 3.80709
0.725575
3.64957 3.78671
1.88068
4.72009 3.78886
86.7193
4.34164 3.80927
28.3417
3.80709 3.80709
0
3.78671 3.78671
0
3.78886 3.78886
0
3.80927 3.80927
0
3.87023 3.80709
0.398717
3.64431 3.78671
2.02774
4.77378 3.78886
97.0067
4.35232 3.80927
29.4903
3.80709 3.80709
0
3.78671 3.78671
0
3.78886 3.78886
0
3.80927 3.80927
0
3.85251 3.80709
0.206344
3.72718 3.78671
0.354365
4.72655 3.78886
87.9255
4.37972 3.80927
32.5415
3.80709 3.80709
0
3.78671 3.78671
0
3.78886 3.78886
0
3.80927 3.80927
0
3.90547 3.80709
0.96782
3.6913 3.78671
0.910332
4.70331 3.78886
83.6221
4.35113 3.80927
29.3612
3.80709 3.80709
0
3.78671 3.78671
0
3.78886 3.78886
0
3.80927 3.80927
0
3.81786 3.80709
0.0116093
3.77301 3.78671
0.0187801
4.6692 3.78886
77.4999
4.39691 3.80927
34.5321
3.80709 3.80709
0
3.78671 3.78671
0
3.78886 3.78886
0
3.80927 3.80927
0
3.84327 3.80709
0.130925
3.69035 3.78671
0.928482
4.74001 3.78886
90.4678
4.37709 3.80927
32.2416
3.80709 3.80709
0
3.78671 3.78671
0
3.78886 3.78886
0
3.80927 3.80927
0
3.85645 3.80709
0.243634
3.70361 3.78671
0.690501
4.6784 3.78886
79.1289
4.35919 3.80927
30.2415
3.80709 3.80709
0
3.78671 3.78671
0
3.78886 3.78886
0
3.80927 3.80927
0
3.88053 3.80709
0.539393
3.6737 3.78671
1.27716
4.71813 3.78886
86.3538
4.363 3.80927
30.6612
3.80709 3.80709
0
3.78671 3.78671
0
3.78886 3.78886
0
3.80927 3.80927
0
3.84716 3.80709
0.160539
3.70162 3.78671
0.72409
4.70336 3.78886
83.631
4.36782 3.80927
31.1972
3.80709 3.80709
0
3.78671 3.78671
0
3.78886 3.78886
0
3.80927 3.80927
0
3.85149 3.80709
0.19716
3.73959 3.78671
0.221989
4.68787 3.78886
80.8211
4.34083 3.80927
28.2551
3.80709 3.80709
0
3.78671 3.78671
0
3.78886 3.78886
0
3.80927 3.80927
0
3.85141 3.80709
0.196454
3.67969 3.78671
1.14542
4.71018 3.78886
84.8832
4.34608 3.80927
28.8166
3.80709 3.80709
0
3.78671 3.78671
0
3.78886 3.78886
0
3.80927 3.80927
0
3.87534 3.80709
0.465759
3.67923 3.78671
1.15515
4.7417 3.78886
90.7903
4.3111 3.80927
25.1829
3.80709 3.80709
0
3.78671 3.78671
0
3.78886 3.78886
0
3.80927 3.80927
0
3.84127 3.80709
0.116838
3.75898 3.78671
0.0769006
4.65876 3.78886
75.6733
4.3434 3.80927
28.529
3.80709 3.80709
0
3.78671 3.78671
0
3.78886 3.78886
0
3.80927 3.80927
0
3.83224 3.80709
0.0632379
3.72081 3.78671
0.434233
4.65995 3.78886
75.8792
4.32122 3.80927
26.209
3.80709 3.80709
0
3.78671 3.78671
0
3.78886 3.78886
0
3.80927 3.80927
0
3.91262 3.80709
1.11371
3.68196 3.78671
1.09722
4.73542 3.78886
89.5983
4.36683 3.80927
31.0874
3.80709 3.80709
0
3.78671 3.78671
0
3.78886 3.78886
0
3.80927 3.80927
0
3.85902 3.80709
0.269735
3.68475 3.78671
1.03956
4.70152 3.78886
83.2954
4.36236 3.80927
30.5903
3.80709 3.80709
0
3.78671 3.78671
0
3.78886 3.78886
0
3.80927 3.80927
0
3.84497 3.80709
0.143499
3.68584 3.78671
1.01743
4.70452 3.78886
83.8424
4.32422 3.80927
26.5168
3.80709 3.80709
0
3.78671 3.78671
0
3.78886 3.78886
0
3.80927 3.80927
0
3.857 3.80709
0.249128
3.64851 3.78671
1.90985
4.72617 3.78886
87.855
4.34518 3.80927
28.7197
3.80709 3.80709
0
3.78671 3.78671
0
3.78886 3.78886
0
3.80927 3.80927
0
3.83349 3.80709
0.069702
3.69552 3.78671
0.831537
4.72423 3.78886
87.4911
4.34356 3.80927
28.5468
3.80709 3.80709
0
3.78671 3.78671
0
3.78886 3.78886
0
3.80927 3.80927
0
3.84421 3.80709
0.137774
3.70288 3.78671
0.702716
4.67203 3.78886
77.9994
4.34271 3.80927
28.4558
3.80709 3.80709
0
3.78671 3.78671
0
3.78886 3.78886
0
3.80927 3.80927
0
3.84487 3.80709
0.142746
3.69646 3.78671
0.814471
4.75092 3.78886
92.555
4.29194 3.80927
23.2965
3.80709 3.80709
0
3.78671 3.78671
0
3.78886 3.78886
0
3.80927 3.80927
0
3.91426 3.80709
1.14857
3.66225 3.78671
1.54912
4.71479 3.78886
85.7336
4.35095 3.80927
29.3419
3.80709 3.80709
0
3.78671 3.78671
0
3.78886 3.78886
0
3.80927 3.80927
0
3.82543 3.80709
0.0336515
3.67428 3.78671
1.26397
4.75304 3.78886
92.9638
4.35926 3.80927
30.2487
3.80709 3.80709
0
3.78671 3.78671
0
3.78886 3.78886
0
3.80927 3.80927
0
3.88063 3.80709
0.540862
3.65139 3.78671
1.83118
4.71036 3.78886
84.9166
4.33966 3.80927
28.1315
3.80709 3.80709
0
3.78671 3.78671
0
3.78886 3.78886
0
3.80927 3.80927
0
3.87743 3.80709
0.494854
3.63491 3.78671
2.30444
4.83399 3.78886
109.23
4.37318 3.80927
31.7996
3.80709 3.80709
0
3.78671 3.78671
0
3.78886 3.78886
0
3.80927 3.80927
0
3.83496 3.80709
0.0776808
3.68394 3.78671
1.05618
4.72887 3.78886
88.3626
4.2895 3.80927
23.0616
3.80709 3.80709
0
3.78671 3.78671
0
3.78886 3.78886
0
3.80927 3.80927
0
3.87245 3.80709
0.427172
3.72422 3.78671
0.390529
4.71423 3.78886
85.6305
4.34474 3.80927
28.6725
3.80709 3.80709
0
3.78671 3.78671
0
3.78886 3.78886
0
3.80927 3.80927
0
3.88488 3.80709
0.605198
3.72002 3.78671
0.444799
4.67993 3.78886
79.3998
4.33498 3.80927
27.6367
3.80709 3.80709
0
3.78671 3.78671
0
3.78886 3.78886
0
3.80927 3.80927
0
3.82966 3.80709
0.0509579
3.73376 3.78671
0.280333
4.68375 3.78886
80.0822
4.34783 3.80927
29.0042
3.80709 3.80709
0
3.78671 3.78671
0
3.78886 3.78886
0
3.80927 3.80927
0
3.86808 3.80709
0.372022
3.67379 3.78671
1.27511
4.74878 3.78886
92.1454
4.40023 3.80927
34.9228
3.80709 3.80709
0
3.78671 3.78671
0
3.78886 3.78886
0
3.80927 3.80927
0
3.9152 3.80709
1.1688
3.65234 3.78671
1.80562
4.68544 3.78886
80.3858
4.30809 3.80927
24.8815
3.80709 3.80709
0
3.78671 3.78671
0
3.78886 3.78886
0
3.80927 3.80927
0
3.88585 3.80709
0.620404
3.68874 3.78671
0.959709
4.6843 3.78886
80.1812
4.34813 3.80927
29.0366
3.80709 3.80709
0
3.78671 3.78671
0
3.78886 3.78886
0
3.80927 3.80927
0
3.82576 3.80709
0.0348431
3.71892 3.78671
0.459599
4.67392 3.78886
78.3333
4.35242 3.80927
29.5011
3.80709 3.80709
0
3.78671 3.78671
0
3.78886 3.78886
0
3.80927 3.80927
0
3.84647 3.80709
0.155067
3.70577 3.78671
0.655101
4.70121 3.78886
83.2376
4.34344 3.80927
28.5339
3.80709 3.80709
0
3.78671 3.78671
0
3.78886 3.78886
0
3.80927 3.80927
0
3.86161 3.80709
0.297281
3.67022 3.78671
1.35693
4.76549 3.78886
95.3804
4.30686 3.80927
24.7591
3.80709 3.80709
0
3.78671 3.78671
0
3.78886 3.78886
0
3.80927 3.80927
0
3.83347 3.80709
0.0695764
3.68478 3.78671
1.03896
4.67962 3.78886
79.3453
4.35509 3.80927
29.7916
3.80709 3.80709
0
3.78671 3.78671
0
3.78886 3.78886
0
3.80927 3.80927
0
3.83077 3.80709
0.0560877
3.68512 3.78671
1.03201
4.73269 3.78886
89.0821
4.32007 3.80927
26.0911
3.80709 3.80709
0
3.78671 3.78671
0
3.78886 3.78886
0
3.80927 3.80927
0
3.88206 3.80709
0.562046
3.67121 3.78671
1.33403
4.7112 3.78886
85.0703
4.38444 3.80927
33.0815
3.80709 3.80709
0
3.78671 3.78671
0
3.78886 3.78886
0
3.80927 3.80927
0
3.83946 3.80709
0.104806
3.68554 3.78671
1.02361
4.70685 3.78886
84.2696
4.34268 3.80927
28.4524
3.80709 3.80709
0
3.78671 3.78671
0
3.78886 3.78886
0
3.80927 3.80927
0
3.84169 3.80709
0.119698
3.68501 3.78671
1.03435
4.74226 3.78886
90.8971
4.30333 3.80927
24.4094
3.80709 3.80709
0
3.78671 3.78671
0
3.78886 3.78886
0
3.80927 3.80927
0
3.90524 3.80709
0.963423
3.65273 3.78671
1.79509
4.73005 3.78886
88.5831
4.36577 3.80927
30.9689
3.80709 3.80709
0
3.78671 3.78671
0
3.78886 3.78886
0
3.80927 3.80927
0
3.87222 3.80709
0.424216
3.66706 3.78671
1.4315
4.70409 3.78886
83.7636
4.34777 3.80927
28.9984
3.80709 3.80709
0
3.78671 3.78671
0
3.78886 3.78886
0
3.80927 3.80927
0
3.865 3.80709
0.335361
3.67325 3.78671
1.28734
4.72046 3.78886
86.7881
4.35703 3.80927
30.0039
3.80709 3.80709
0
3.78671 3.78671
0
3.78886 3.78886
0
3.80927 3.80927
0
3.86214 3.80709
0.303033
3.71117 3.78671
0.570656
4.71458 3.78886
85.695
4.33725 3.80927
27.876
3.80709 3.80709
0
3.78671 3.78671
0
3.78886 3.78886
0
3.80927 3.80927
0
3.8791 3.80709
0.518576
3.70625 3.78671
0.647301
4.70777 3.78886
84.4403
4.37547 3.80927
32.0579
3.80709 3.80709
0
3.78671 3.78671
0
3.78886 3.78886
0
3.80927 3.80927
0
3.89867 3.80709
0.838726
3.63249 3.78671
2.37851
4.71474 3.78886
85.7259
4.36515 3.80927
30.9006
3.80709 3.80709
0
3.78671 3.78671
0
3.78886 3.78886
0
3.80927 3.80927
0
3.89353 3.80709
0.747206
3.65704 3.78671
1.6814
4.76802 3.78886
95.8755
4.3737 3.80927
31.8578
3.80709 3.80709
0
3.78671 3.78671
0
3.78886 3.78886
0
3.80927 3.80927
0
3.85463 3.80709
0.226012
3.69047 3.78671
0.926128
4.75166 3.78886
92.6974
4.3274 3.80927
26.8456
3.80709 3.80709
0
3.78671 3.78671
0
3.78886 3.78886
0
3.80927 3.80927
0
3.82443 3.80709
0.0300867
3.68249 3.78671
1.08623
4.71626 3.78886
86.0061
4.33405 3.80927
27.5391
3.80709 3.80709
0
3.78671 3.78671
0
3.78886 3.78886
0
3.80927 3.80927
0
3.84655 3.80709
0.155722
3.71871 3.78671
0.462384
4.70559 3.78886
84.0386
4.37568 3.80927
32.0823
3.80709 3.80709
0
3.78671 3.78671
0
3.78886 3.78886
0
3.80927 3.80927
0
3.8779 3.80709
0.50146
3.66279 3.78671
1.53563
4.76147 3.78886
94.5967
4.33769 3.80927
27.9227
3.80709 3.80709
0
3.78671 3.78671
0
3.78886 3.78886
0
3.80927 3.80927
0
3.86495 3.80709
0.334743
3.72597 3.78671
0.368921
4.67904 3.78886
79.2424
4.34865 3.80927
29.0926
3.80709 3.80709
0
3.78671 3.78671
0
3.78886 3.78886
0
3.80927 3.80927
0
3.84178 3.80709
0.120378
3.70511 3.78671
0.665843
4.70243 3.78886
83.461
4.37707 3.80927
32.2394
3.80709 3.80709
0
3.78671 3.78671
0
3.78886 3.78886
0
3.80927 3.80927
0
3.85397 3.80709
0.21975
3.73581 3.78671
0.259052
4.74342 3.78886
91.1189
4.33003 3.80927
27.1191
3.80709 3.80709
0
3.78671 3.78671
0
3.78886 3.78886
0
3.80927 3.80927
0
3.87324 3.80709
0.437648
3.77881 3.78671
0.00623443
4.66951 3.78886
77.5539
4.30647 3.80927
24.7204
3.80709 3.80709
0
3.78671 3.78671
0
3.78886 3.78886
0
3.80927 3.80927
0
3.82735 3.80709
0.041063
3.6882 3.78671
0.970388
4.72868 3.78886
88.3265
4.31547 3.80927
25.6236
3.80709 3.80709
0
3.78671 3.78671
0
3.78886 3.78886
0
3.80927 3.80927
0
3.82143 3.80709
0.0205703
3.7054 3.78671
0.66106
4.72905 3.78886
88.3952
4.34663 3.80927
28.8753
3.80709 3.80709
0
3.78671 3.78671
0
3.78886 3.78886
0
3.80927 3.80927
0
3.884 3.80709
0.591471
3.70027 3.78671
0.74716
4.72469 3.78886
87.5773
4.36425 3.80927
30.8001
3.80709 3.80709
0
3.78671 3.78671
0
3.78886 3.78886
0
3.80927 3.80927
0
3.86523 3.80709
0.338072
3.65939 3.78671
1.62107
4.67782 3.78886
79.0253
4.35105 3.80927
29.3519
3.80709 3.80709
0
3.78671 3.78671
0
3.78886 3.78886
0
3.80927 3.80927
0
3.88752 3.80709
0.646942
3.69335 3.78671
0.871538
4.69645 3.78886
82.3722
4.32753 3.80927
26.8592
3.80709 3.80709
0
3.78671 3.78671
0
3.78886 3.78886
0
3.80927 3.80927
0
3.85111 3.80709
0.193784
3.69872 3.78671
0.774284
4.68552 3.78886
80.3998
4.31084 3.80927
25.1576
3.80709 3.80709
0
3.78671 3.78671
0
3.78886 3.78886
0
3.80927 3.80927
0
3.85471 3.80709
0.226804
3.72016 3.78671
0.442899
4.69857 3.78886
82.7567
4.38118 3.80927
32.7077
3.80709 3.80709
0
3.78671 3.78671
0
3.78886 3.78886
0
3.80927 3.80927
0
3.83254 3.80709
0.0647685
3.65386 3.78671
1.76479
4.76082 3.78886
94.4706
4.34405 3.80927
28.5988
3.80709 3.80709
0
3.78671 3.78671
0
3.78886 3.78886
0
3.80927 3.80927
0
3.8598 3.80709
0.277886
3.72857 3.78671
0.338024
4.65977 3.78886
75.8483
4.35799 3.80927
30.109
3.80709 3.80709
0
3.78671 3.78671
0
3.78886 3.78886
0
3.80927 3.80927
0
3.81842 3.80709
0.012836
3.7203 3.78671
0.440956
4.69999 3.78886
83.016
4.40418 3.80927
35.3913
3.80709 3.80709
0
3.78671 3.78671
0
3.78886 3.78886
0
3.80927 3.80927
0
3.84519 3.80709
0.145188
3.65351 3.78671
1.77419
4.75349 3.78886
93.0503
4.39852 3.80927
34.7213
3.80709 3.80709
0
3.78671 3.78671
0
3.78886 3.78886
0
3.80927 3.80927
0
3.86162 3.80709
0.297317
3.71535 3.78671
0.509194
4.71444 3.78886
85.6698
4.31475 3.80927
25.5507
3.80709 3.80709
0
3.78671 3.78671
0
3.78886 3.78886
0
3.80927 3.80927
0
3.86584 3.80709
0.345184
3.66614 3.78671
1.45366
4.75049 3.78886
92.4733
4.33335 3.80927
27.4659
3.80709 3.80709
0
3.78671 3.78671
0
3.78886 3.78886
0
3.80927 3.80927
0
3.87124 3.80709
0.411522
3.6712 3.78671
1.33431
4.72876 3.78886
88.3412
4.35112 3.80927
29.3598
3.80709 3.80709
0
3.78671 3.78671
0
3.78886 3.78886
0
3.80927 3.80927
0
3.8982 3.80709
0.830141
3.69021 3.78671
0.931269
4.72595 3.78886
87.8128
4.31865 3.80927
25.9468
3.80709 3.80709
0
3.78671 3.78671
0
3.78886 3.78886
0
3.80927 3.80927
0
3.87131 3.80709
0.412432
3.65387 3.78671
1.7646
4.70315 3.78886
83.5919
4.35965 3.80927
30.2921
3.80709 3.80709
0
3.78671 3.78671
0
3.78886 3.78886
0
3.80927 3.80927
0
3.81904 3.80709
0.0142829
3.72139 3.78671
0.42672
4.7324 3.78886
89.0261
4.36004 3.80927
30.3341
3.80709 3.80709
0
3.78671 3.78671
0
3.78886 3.78886
0
3.80927 3.80927
0
3.88774 3.80709
0.650444
3.65327 3.78671
1.7806
4.76419 3.78886
95.1274
4.36846 3.80927
31.269
3.80709 3.80709
0
3.78671 3.78671
0
3.78886 3.78886
0
3.80927 3.80927
0
3.87518 3.80709
0.463688
3.68571 3.78671
1.01999
4.75261 3.78886
92.8804
4.39454 3.80927
34.2544
3.80709 3.80709
0
3.78671 3.78671
0
3.78886 3.78886
0
3.80927 3.80927
0
3.87792 3.80709
0.501694
3.67019 3.78671
1.35757
4.70194 3.78886
83.3719
4.35484 3.80927
29.7647
3.80709 3.80709
0
3.78671 3.78671
0
3.78886 3.78886
0
3.80927 3.80927
0
3.83512 3.80709
0.0785957
3.73542 3.78671
0.263106
4.67721 3.78886
78.917
4.27417 3.80927
21.6135
3.80709 3.80709
0
3.78671 3.78671
0
3.78886 3.78886
0
3.80927 3.80927
0
3.87945 3.80709
0.523679
3.72079 3.78671
0.434484
4.68732 3.78886
80.7221
4.3475 3.80927
28.9685
