     2.779    56.041    39.678
     5.540    53.340    39.146
     3.691    50.115    40.107
     5.302    46.763    40.843
     8.816    47.716    41.907
    10.516    46.084    44.913
    10.747    48.005    48.126
    13.901    49.630    49.402
    16.353    47.455    51.202
    15.274    46.693    54.662
    17.360    44.845    57.201
    16.423    41.337    58.016
    13.918    40.485    60.699
    13.102    37.187    62.295
    10.599    36.740    59.493
    13.376    37.308    57.032
    15.469    34.645    58.654
    12.673    32.209    58.844
    11.831    32.626    55.164
    15.505    32.055    54.269
    15.763    29.029    56.522
    12.734    27.503    54.796
    14.524    27.512    51.492
    18.041    26.718    52.766
    17.973    23.177    51.639
    16.626    23.812    48.184
    19.640    26.104    47.650
    22.051    23.607    49.023
    20.672    20.889    46.808
    20.763    23.066    43.680
    24.173    24.490    44.385
    25.727    21.153    45.441
    27.125    23.077    48.456
    26.386    22.982    52.115
    26.286    26.334    53.776
    27.405    25.998    57.481
    26.362    29.649    58.171
    23.039    31.015    56.745
    22.328    34.434    58.012
    19.786    36.813    56.512
    21.273    40.270    56.369
    18.960    42.282    54.111
    15.727    42.276    52.116
    13.404    43.758    49.522
     9.929    42.869    48.759
     7.744    43.137    45.736
     4.022    42.612    45.564
     2.959    40.255    42.712
     0.141    37.679    42.892
     1.963    36.772    46.132
     5.272    38.179    47.362
     8.776    37.953    45.972
    11.452    38.339    48.599
    14.957    39.321    47.560
    17.241    38.295    50.395
    20.944    38.843    51.044
    22.144    35.999    53.176
    25.624    35.963    54.855
    26.763    32.504    54.145
    30.293    32.335    54.442
    33.247    34.295    55.408
    33.037    37.477    53.592
    30.871    35.478    51.193
    27.162    36.102    50.458
    24.390    34.756    48.305
    21.142    36.592    47.113
    17.843    34.676    47.128
    14.663    35.187    45.192
    11.917    33.554    47.189
     8.254    33.218    46.172
     5.556    33.414    48.812
     1.949    32.652    47.659
    -1.293    34.383    48.586
    -2.417    33.144    51.950
    -5.433    31.380    50.606
    -3.187    29.206    48.548
    -1.214    27.566    51.241
     1.731    26.677    49.017
     5.144    26.343    50.500
     7.892    28.928    49.974
     9.865    28.442    46.775
    13.422    29.429    45.848
    12.636    30.756    42.329
    16.271    31.832    41.738
    19.640    32.633    43.451
    22.860    34.554    42.906
    26.233    33.368    44.140
    29.655    34.849    44.844
    28.069    38.010    45.987
    29.575    40.678    48.289
    28.536    42.359    51.540
    28.294    45.586    49.550
    26.669    44.278    46.413
    23.181    45.815    46.093
    20.160    43.605    46.295
    18.764    44.159    42.851
    15.924    42.584    40.878
    16.659    39.304    38.981
   -24.145    60.181    37.422
   -25.960    57.052    38.667
   -25.958    55.705    42.228
   -24.526    52.510    40.971
   -22.253    51.614    38.080
   -21.126    47.989    37.270
   -19.498    47.580    33.872
   -19.655    43.855    34.273
   -23.416    44.164    34.134
   -22.980    45.964    30.887
   -20.869    43.159    29.382
   -17.743    45.395    29.319
   -15.464    43.351    31.599
   -13.586    40.102    30.729
   -12.750    37.352    33.257
   -10.417    37.813    36.187
    -6.742    36.983    35.325
    -3.666    36.168    37.347
    -0.431    38.011    36.925
     1.494    35.342    38.784
     4.964    36.108    40.113
     5.800    38.876    37.620
     5.333    42.567    38.561
     3.169    43.131    35.443
     0.103    44.655    37.143
     0.522    47.883    35.145
     0.113    45.765    31.927
    -2.976    44.139    33.449
    -4.551    47.290    34.663
    -4.119    48.926    31.241
    -5.661    45.945    29.359
    -8.942    46.085    31.400
    -9.461    49.665    30.375
    -8.628    48.786    26.674
   -11.183    45.906    26.741
   -13.731    48.237    28.363
   -13.446    51.240    25.958
   -13.525    48.911    22.873
   -16.687    47.160    24.042
   -18.305    50.482    24.880
   -17.408    51.826    21.484
   -17.822    48.813    19.210
   -20.354    46.564    20.877
   -17.629    43.925    21.119
   -16.005    42.434    24.224
   -12.525    41.034    23.393
    -9.463    40.057    25.341
    -6.244    41.952    24.591
    -2.657    40.962    25.334
    -1.019    42.011    28.690
     2.115    40.067    27.547
     2.580    42.452    24.617
     2.700    45.477    26.854
     5.099    43.706    29.137
     7.514    42.829    26.263
     6.987    46.001    24.347
     6.678    48.976    26.634
    10.224    50.265    26.828
     9.417    52.997    29.387
     8.480    50.195    31.775
    10.759    47.561    33.306
     8.969    44.281    32.564
     8.427    42.154    35.636
    10.370    44.697    37.689
     7.518    47.235    37.588
     6.227    49.910    35.230
     3.545    52.481    34.261
    -0.078    52.184    33.134
     0.172    55.513    31.402
     3.036    54.466    29.128
     1.342    51.202    28.516
    -1.849    53.019    27.478
     0.273    55.289    25.314
     1.841    52.367    23.450
    -1.719    51.248    22.432
    -2.570    54.795    21.323
     0.534    55.050    19.241
     0.630    51.631    17.677
    -2.121    49.245    18.804
    -2.695    45.914    20.513
    -3.134    42.250    19.545
    -5.601    39.808    20.929
    -4.696    37.871    24.051
    -5.175    34.555    22.196
    -2.570    35.733    19.689
    -0.062    36.981    22.201
    -0.658    34.985    25.375
     0.569    35.654    28.882
     3.732    33.864    29.872
     4.501    35.619    33.186
     8.004    36.489    32.131
     9.285    39.317    29.924
    10.577    38.080    26.572
    11.432    40.064    23.426
     8.701    42.108    21.808
     6.960    39.962    19.245
     4.325    42.343    17.874
     5.764    42.486    14.370
     5.739    38.832    13.987
     2.070    38.637    14.890
     0.806    40.612    11.884
    -1.347    43.642    12.270
    -2.707    44.942    15.637
    -6.262    43.858    16.371
    -7.217    47.391    17.570
    -5.918    50.796    18.672
    -7.049    53.685    20.937
    -6.865    57.483    20.234
    -4.964    58.484    23.432
    -4.826    58.526    27.240
    -6.277    60.906    29.747
    -5.490    61.401    33.452
    -8.109    61.919    36.058
    -7.588    64.848    38.364
    -5.884    63.180    41.404
    -7.023    63.245    45.010
   -10.522    63.886    43.873
   -13.196    61.319    44.525
   -15.909    62.956    42.434
   -13.508    63.319    39.469
   -12.777    59.646    39.735
   -16.470    58.642    39.888
   -17.428    60.660    36.898
   -14.789    58.943    34.753
   -15.891    55.473    36.052
   -19.434    56.374    35.086
   -17.971    56.637    31.491
   -15.740    53.601    31.305
   -13.369    51.432    33.339
   -10.423    53.399    34.782
    -6.887    52.465    35.757
    -6.254    53.293    39.430
    -3.448    52.559    41.875
    -3.535    51.412    45.560
    -1.332    50.079    48.344
    -1.559    46.247    48.176
     1.622    45.378    50.228
    -0.409    44.988    53.499
    -1.467    41.647    55.009
    -5.036    42.718    55.497
    -5.236    43.596    51.771
    -3.758    40.269    50.853
    -6.029    38.556    53.336
    -9.157    40.243    51.997
   -11.970    37.794    51.362
   -15.054    40.004    50.977
   -17.005    43.094    52.072
   -16.213    46.753    51.938
   -12.555    47.299    52.634
   -11.863    50.186    54.960
    -8.403    49.108    55.720
    -6.069    48.998    57.195
    -3.751    50.201    54.474
    -1.480    53.159    53.911
    -0.997    55.298    50.848
     2.316    53.897    49.724
     0.746    52.848    46.428
     2.483    49.936    44.692
    -0.153    48.187    42.637
    -2.256    49.236    39.511
    -5.777    47.783    39.270
    -8.896    48.802    37.413
   -12.054    50.486    38.780
   -14.963    48.801    36.993
   -17.827    50.383    38.882
   -19.087    52.132    42.119
   -21.869    52.382    44.574
   -22.943    54.671    47.364
   -20.014    53.733    49.606
   -17.655    51.683    47.677
   -15.675    51.669    44.413
   -15.610    48.165    42.709
   -12.055    47.066    41.601
   -10.956    44.183    39.321
    -7.648    42.769    40.625
    -5.240    40.464    38.809
    -4.731    37.852    41.445
    -7.060    35.087    40.411
   -10.678    34.580    41.327
    -9.779    32.778    44.519
    -8.904    36.124    46.044
   -11.498    38.436    47.537
   -14.913    38.536    45.937
   -14.144    36.274    42.918
   -11.185    38.416    41.998
   -12.946    41.687    42.931
   -12.678    43.968    45.956
   -15.094    46.744    47.059
   -13.113    49.455    48.735
   -14.673    52.185    50.943
   -15.227    55.705    49.590
   -16.639    58.864    51.192
   -14.193    58.993    54.136
   -13.082    62.602    53.485
    -9.588    61.129    53.030
    -8.231    62.767    49.935
    -5.565    60.160    49.089
    -8.531    57.786    49.111
    -8.554    54.488    50.946
    -5.289    52.624    50.273
    -4.181    55.605    48.253
    -6.917    54.883    45.696
    -7.038    58.548    44.357
    -3.364    58.891    43.738
    -2.862    58.064    40.041
    -5.608    57.348    37.524
    -5.653    57.103    33.700
    -8.156    56.045    31.085
    -7.944    55.446    27.355
    -9.640    57.887    24.915
   -11.223    56.218    21.868
   -13.840    58.347    20.097
