    19.309    27.997    -0.107
    17.497    26.119     2.624
    15.915    22.697     2.512
    13.661    21.419    -0.217
    10.486    23.514    -0.721
     7.268    23.812    -2.750
     8.871    26.663    -4.654
    11.900    24.606    -5.688
     9.568    21.768    -6.672
     7.555    24.008    -8.990
    10.684    25.555   -10.471
    12.075    22.180   -11.513
    10.750    21.132   -14.929
    10.352    17.951   -16.861
    13.289    17.463   -19.185
    15.839    19.006   -16.787
    19.251    17.440   -16.161
    20.433    15.961   -12.853
    22.715    18.854   -12.390
    19.840    21.346   -12.832
    17.826    19.479   -10.258
    20.682    19.485    -7.715
    21.366    23.143    -8.396
    17.758    24.168    -7.739
    17.019    21.929    -4.797
    20.387    22.453    -3.124
    22.584    19.414    -3.403
    22.951    19.049     0.351
    19.245    18.140     0.555
    19.426    15.449    -2.065
    20.415    11.852    -2.584
    20.484     9.248    -5.313
    21.132     5.512    -5.224
    20.325     3.242    -2.307
    16.579     3.157    -1.702
    16.100     5.620    -4.570
    17.795     4.060    -7.619
    18.215     6.430   -10.633
    16.126     9.105    -8.956
    17.102    12.206    -7.040
    15.292    12.517    -3.694
    15.317    15.870    -1.914
    14.361    16.377     1.735
    12.425    19.298     3.120
    11.631    20.077     6.724
    12.333    16.738     8.281
    11.826    16.408    12.032
    11.993    12.586    11.798
     9.456    10.041    10.455
     7.239    11.388     7.786
     9.292    14.388     6.591
     8.487    16.567     3.577
    10.138    15.695     0.281
    10.307    15.563    -3.494
    11.574    12.778    -5.731
    12.621    13.323    -9.333
    12.696    10.397   -11.694
    15.069    10.219   -14.674
    14.932     8.600   -18.084
    17.928     6.363   -17.326
    20.849     6.107   -14.913
    23.031     8.078   -17.256
    24.612    11.218   -16.044
    22.863    12.975   -18.947
    19.381    11.586   -18.244
    16.388    13.880   -18.058
    13.536    14.434   -15.564
    10.563    12.225   -16.590
     8.811    12.186   -13.142
     8.051    14.647   -10.331
     6.614    13.567    -6.970
     6.208    15.265    -3.611
     4.600    14.988    -0.217
     3.989    17.920     2.200
     5.677    20.556    -0.076
     2.542    22.016    -1.761
    -0.570    23.326     0.015
    -4.020    23.212    -1.693
    -5.022    26.749    -2.705
    -8.669    26.465    -1.587
    -9.485    23.091    -0.137
   -13.195    22.236    -0.185
   -13.332    18.474    -0.709
   -15.855    16.530     1.364
   -17.028    12.983     1.681
   -20.130    13.877    -0.406
   -18.019    15.355    -3.170
   -15.605    12.414    -3.117
   -18.440    10.008    -3.606
   -19.625    11.997    -6.608
   -16.310    11.411    -8.438
   -16.497     8.619   -10.969
   -13.943     6.555   -12.753
   -13.707     7.680   -16.406
   -14.009    11.351   -15.581
   -11.515    13.742   -17.085
    -9.256    15.836   -14.912
   -11.525    18.780   -15.632
   -14.649    16.889   -14.554
   -12.929    15.774   -11.368
   -11.766    19.264   -10.442
   -15.330    20.503   -11.006
   -16.552    17.845    -8.563
   -13.944    18.170    -5.751
   -13.200    21.911    -5.936
   -10.849    23.766    -8.202
    -8.557    24.516    -5.246
    -8.727    21.230    -3.361
    -5.888    19.353    -5.002
    -2.122    19.288    -5.310
     0.018    17.078    -7.548
     1.388    14.051    -5.712
     3.054    12.658    -8.826
     3.272    13.064   -12.550
     5.205    10.642   -14.781
     5.825    10.356   -18.541
     6.777     6.704   -19.173
     7.226     7.388   -22.913
     9.179    10.682   -22.472
     9.590    12.699   -24.681
     6.167    11.515   -25.771
     3.312    12.383   -23.421
     1.301     9.200   -24.263
     0.499     7.145   -21.189
     1.073    10.014   -18.757
     0.207     9.029   -15.211
    -0.958    11.596   -12.689
    -1.766    11.254    -8.989
    -3.533    14.087    -7.228
    -3.709    14.600    -3.440
    -6.960    16.296    -2.521
    -7.932    17.830     0.794
   -10.980    18.882     2.825
   -11.033    22.265     4.483
    -8.709    21.229     7.327
    -7.204    18.065     5.826
    -3.769    19.223     4.649
    -0.829    19.646     6.954
     2.840    20.263     6.243
     3.533    18.309     9.449
     2.585    15.169     7.643
    -0.573    13.996     9.466
    -3.662    14.652     7.362
    -7.263    14.944     8.542
    -9.414    14.409     5.449
    -7.647    13.595     2.202
    -7.937    11.617    -0.974
    -5.846    10.087    -3.747
    -7.176    10.409    -7.300
    -5.164     8.763   -10.076
    -5.294     9.156   -13.804
    -3.817     7.758   -17.018
    -3.884     9.864   -20.221
    -5.992    12.433   -18.342
    -8.799    10.040   -17.364
    -9.565     8.986   -13.817
    -8.690     5.342   -13.168
    -9.377     5.193    -9.423
    -9.814     6.937    -6.128
    -9.338     6.422    -2.382
    -9.970     8.551     0.681
    -9.000     8.732     4.338
   -11.030    10.459     7.054
   -13.381    12.604     4.966
   -16.604    13.602     6.665
    20.437     4.592    37.009
    18.254     6.692    39.338
    19.429     9.864    37.556
    17.953     8.801    34.259
    14.642     8.319    36.057
    14.883    11.979    37.129
    15.220    12.943    33.461
    12.278    10.764    32.369
    10.101    12.384    35.045
    11.283    15.852    34.047
    10.350    14.998    30.486
     6.789    14.198    31.557
     6.427    17.558    33.348
     7.896    19.488    30.464
     5.792    17.739    27.804
     2.615    17.705    29.897
     2.091    14.069    28.951
     2.814    10.633    30.230
     6.183     9.076    29.312
     6.894     5.353    29.576
    10.444     4.010    29.854
    12.273     0.723    30.159
    15.929    -0.126    30.141
    16.463    -3.895    29.931
    19.612    -6.043    30.081
    19.832    -7.676    26.685
    21.383   -10.923    27.868
    19.500   -11.555    31.077
    16.240    -9.809    30.228
    16.224    -8.079    33.609
    14.677    -4.675    34.029
    17.352    -2.197    34.982
    15.262     0.975    35.158
    11.566     1.610    34.506
     8.846     4.259    34.527
     5.175     3.449    33.814
     6.312     0.051    32.454
     2.771    -1.344    32.388
     0.844     1.548    30.943
    -0.312     1.449    27.297
     1.051     3.714    24.590
     0.422     3.860    20.822
     3.200     2.006    18.973
     3.111     4.192    15.849
     5.838     3.066    13.417
     7.697     1.147    16.110
     5.328    -1.750    15.296
     7.197    -2.162    11.950
    10.030    -4.020    13.640
     7.492    -6.544    15.005
     5.958    -6.806    11.518
     9.285    -7.610     9.854
     9.903   -10.099    12.653
     6.695   -11.892    11.669
     7.755   -11.757     7.997
    11.161   -13.197     8.864
     9.431   -15.954    10.811
     7.584   -16.866     7.612
    10.837   -16.876     5.688
    12.426   -19.205     8.284
     9.443   -21.534     7.795
     9.881   -21.555     3.997
     6.655   -19.657     3.485
     8.301   -16.439     2.182
    11.466   -15.278     0.449
    13.442   -12.051     0.940
    14.062   -11.847    -2.827
    10.347   -12.194    -3.748
     9.155    -9.137    -5.695
     5.744    -7.736    -4.903
     3.996    -5.769    -7.712
     1.492    -3.306    -6.347
    -0.430    -0.379    -7.681
    -1.939     3.004    -7.055
    -4.843     1.659    -4.983
    -2.345     0.320    -2.477
    -0.650     3.607    -1.848
    -1.097     5.637     1.309
     0.705     8.851     2.219
     4.125     9.037     3.866
     5.572     6.494     1.434
     8.823     7.909     0.027
    10.257     4.596    -1.158
     7.189     2.678    -2.286
     5.893     5.645    -4.345
     9.142     5.634    -6.367
     9.102     1.918    -6.934
     5.510     1.847    -8.290
     6.154     0.672   -11.882
     8.556    -2.145   -11.106
     7.767    -3.520    -7.707
     9.782    -4.048    -4.547
    11.117    -7.189    -2.932
    10.118    -8.263     0.594
    13.688    -7.350     1.646
    13.291    -3.826     0.129
     9.824    -3.387     1.767
    11.132    -4.249     5.226
    14.052    -1.916     4.709
    11.692     0.924     3.667
     9.251     0.204     6.552
    11.977     0.093     9.222
    14.550     2.609     7.961
    12.173     5.191     6.420
     8.847     4.444     8.175
     7.297     3.913     4.768
     3.571     3.419     5.362
     2.704     1.671     2.078
     5.579    -0.785     2.627
     4.146    -1.645     6.007
     0.662    -2.257     4.616
     2.012    -4.404     1.851
     3.907    -6.503     4.360
     0.845    -6.691     6.621
    -0.991    -8.118     3.606
     1.664   -10.862     3.210
     1.146   -12.049     6.826
    -2.658   -11.812     6.882
    -3.225    -8.377     8.439
    -3.071    -6.763    11.913
    -4.961    -9.681    13.456
    -2.215   -12.057    12.405
     0.553    -9.889    13.740
    -1.274    -9.848    17.106
    -1.536   -13.640    16.941
     2.155   -13.983    16.215
     2.955   -11.733    19.199
     0.678   -13.738    21.525
     2.332   -16.969    20.420
     5.758   -15.522    21.178
     4.545   -14.806    24.719
     3.563   -11.134    24.332
     0.030   -11.153    25.592
    -0.329    -7.362    25.678
     0.844    -5.805    22.373
    -1.875    -5.547    19.715
    -2.218    -4.187    16.222
    -5.719    -3.491    15.090
    -5.559    -1.094    12.174
    -3.531    -0.490     9.022
    -1.602     2.654     8.035
    -2.408     5.509     8.410
    -5.209     4.988    10.955
    -3.107     3.104    13.496
    -1.442     6.461    14.442
    -4.669     8.016    15.795
    -3.688     7.857    19.480
    -7.193     8.386    20.860
    -6.720     8.739    24.628
    -7.388     5.463    26.493
    -7.965     3.744    23.120
    -6.165     0.417    23.453
    -6.009    -0.247    19.665
    -2.458    -0.412    18.267
    -0.780    -0.149    21.670
     1.963    -1.808    23.636
     3.401    -1.430    27.144
     7.006    -0.367    27.581
     7.907    -3.589    29.424
     6.117    -5.838    26.906
     7.728    -4.145    23.927
    11.188    -4.378    25.505
    10.889    -8.065    26.214
     9.383    -8.699    22.770
    12.272    -6.919    21.077
    14.788    -8.912    23.138
    13.183   -12.171    21.963
    13.167   -11.066    18.323
    16.800   -10.139    18.473
    18.236   -12.902    20.641
    15.880   -15.827    21.061
    15.658   -18.971    18.879
    12.323   -17.514    17.844
    14.013   -16.439    14.606
    16.985   -18.045    12.978
    20.331   -16.420    13.388
    20.290   -15.120     9.819
    16.862   -13.550    10.485
    17.921   -12.034    13.819
    20.925   -10.561    12.000
    18.755    -9.156     9.191
    16.277    -7.575    11.630
    19.010    -5.877    13.621
    20.809    -4.827    10.420
    17.680    -3.019     9.203
    17.315    -1.278    12.561
    21.015    -0.335    12.552
    20.429     1.322     9.131
    17.560     3.450    10.465
    17.525     6.792     8.571
    14.891     8.870    10.357
    15.829     8.669    14.055
    18.725    11.103    14.019
    17.215    13.663    16.403
    16.563    10.979    19.078
    18.882     8.553    20.900
    21.411     8.686    18.075
    22.049    12.353    18.802
    23.407    11.412    22.214
    25.346     8.384    21.101
    29.121     8.648    21.361
    31.542     7.479    18.660
    32.173     3.746    18.819
    28.784     2.747    20.239
    26.364     0.426    18.452
    22.671     1.300    18.057
    19.878    -0.334    16.120
    16.556     1.430    16.555
    13.107     2.314    15.216
    11.211     5.572    15.853
     7.590     6.417    15.690
     5.420     9.537    15.480
     1.602     9.699    15.690
    -1.250    12.099    16.346
    -1.833    13.803    19.685
     1.829    14.438    20.281
     2.663    10.736    20.198
     6.386     9.904    19.818
     8.531     6.945    20.686
    11.626     4.851    20.019
    12.798     1.295    20.587
    16.510     0.476    20.509
    19.207    -2.014    21.185
    22.469    -0.238    22.006
    25.825    -0.691    23.698
    29.478     0.422    23.898
    32.383    -0.896    21.784
    30.216    -1.657    18.771
    27.856    -4.241    20.265
    24.435    -3.948    21.822
    23.970    -4.937    25.448
    20.733    -3.185    26.543
    17.322    -2.480    25.116
    15.692     0.897    25.692
    12.041     1.733    25.058
    10.586     5.287    25.311
     7.038     6.306    24.485
     4.958     9.410    25.067
     1.506    10.500    24.038
    -0.870    13.410    24.592
     1.611    16.321    24.517
     0.951    19.592    22.640
     4.729    20.204    22.317
     6.295    20.567    18.844
     8.186    17.720    17.162
    11.558    19.359    17.822
    10.543    19.786    21.403
     9.472    16.156    21.724
    12.646    14.969    19.976
    14.743    17.028    22.390
    13.297    15.359    25.480
    14.004    11.932    24.073
    17.542    12.910    23.188
    18.089    14.061    26.808
    16.846    10.844    28.279
    19.348     9.241    25.906
    22.112    11.559    27.121
    21.445    10.455    30.716
    21.348     6.701    30.292
    24.583     7.064    28.273
    26.122     9.061    31.120
    25.134     6.621    33.789
    26.056     3.502    31.923
